4 0.422917 0.420370 0.008333 0.014815
3 0.413542 0.418056 0.008333 0.013889
4 0.397135 0.430556 0.008854 0.012963
3 0.401042 0.441667 0.009375 0.016667
1 0.422135 0.445833 0.008854 0.015741
3 0.600521 0.481019 0.009375 0.017593
0 0.577083 0.479630 0.009375 0.018519
3 0.556771 0.489815 0.010417 0.018519
2 0.478646 0.508333 0.007292 0.009259
2 0.450521 0.495370 0.007292 0.009259
2 0.423958 0.483333 0.007292 0.009259
2 0.377083 0.461111 0.007292 0.009259
2 0.355729 0.451852 0.007292 0.009259
2 0.336458 0.442593 0.007292 0.009259
2 0.352604 0.423148 0.007292 0.009259
2 0.382292 0.415741 0.007292 0.009259
2 0.411458 0.410185 0.007292 0.009259
2 0.469271 0.411111 0.007292 0.009259
2 0.491146 0.417593 0.007292 0.009259
2 0.513542 0.425926 0.007292 0.009259
2 0.564063 0.443519 0.007292 0.009259
2 0.591667 0.451852 0.007292 0.009259
2 0.621354 0.462037 0.007292 0.009259
2 0.624479 0.487963 0.007292 0.009259
2 0.593750 0.499074 0.007292 0.009259
2 0.560417 0.510185 0.007292 0.009259