4 0.576823 0.245370 0.015104 0.025926
3 0.594792 0.256019 0.015625 0.019444
3 0.591927 0.267593 0.016146 0.020370
4 0.596875 0.281944 0.015625 0.023148
4 0.633594 0.318981 0.017188 0.028704
1 0.575000 0.357407 0.017708 0.029630
4 0.603646 0.444907 0.020833 0.032407
0 0.553906 0.441667 0.019271 0.029630
3 0.446615 0.578704 0.021354 0.035185
3 0.424219 0.560185 0.022396 0.035185
4 0.400000 0.555556 0.021875 0.035185
3 0.400260 0.642593 0.023438 0.038889
4 0.347656 0.567593 0.022396 0.035185
2 0.256771 0.637963 0.008333 0.012963
2 0.366667 0.675926 0.008333 0.012963
2 0.484896 0.717593 0.008333 0.012963
2 0.697135 0.658333 0.006771 0.011111
2 0.736198 0.581481 0.006771 0.011111
2 0.770052 0.512963 0.006771 0.011111
2 0.220052 0.512037 0.006771 0.011111
2 0.282031 0.452778 0.006771 0.011111
2 0.337240 0.400926 0.006771 0.011111
2 0.430208 0.312500 0.005208 0.008333
2 0.470833 0.275463 0.005208 0.008333
2 0.506771 0.240278 0.005208 0.008333
2 0.870833 0.313426 0.006250 0.010185
2 0.849479 0.356019 0.006250 0.010185
2 0.826042 0.402315 0.006250 0.010185
2 0.790885 0.247222 0.005729 0.009259
2 0.712240 0.233333 0.005729 0.009259
2 0.636719 0.218519 0.005729 0.009259