4 0.757292 0.262963 0.015625 0.025926
1 0.565885 0.363889 0.018229 0.029630
3 0.655990 0.378241 0.017188 0.026852
4 0.569010 0.299537 0.017188 0.026852
4 0.501302 0.342593 0.017188 0.027778
4 0.704427 0.507870 0.021354 0.034259
0 0.490104 0.526389 0.019792 0.032407
3 0.540104 0.602315 0.021875 0.036111
4 0.506250 0.620370 0.022917 0.037037
4 0.426823 0.547685 0.022396 0.036111
2 0.256510 0.637037 0.007812 0.012963
2 0.366406 0.675000 0.007812 0.012963
2 0.484115 0.715741 0.007812 0.012963
2 0.697135 0.657407 0.008854 0.014815
2 0.736719 0.581481 0.008854 0.014815
2 0.770573 0.512963 0.008854 0.014815
2 0.219271 0.510648 0.007292 0.012037
2 0.281771 0.452315 0.007292 0.012037
2 0.336979 0.400463 0.007292 0.012037
2 0.430208 0.312500 0.006250 0.010185
2 0.470833 0.273611 0.006250 0.010185
2 0.507812 0.239352 0.006250 0.010185
2 0.826302 0.401852 0.006771 0.011111
2 0.849219 0.354630 0.006771 0.011111
2 0.870573 0.312963 0.006771 0.011111
2 0.636198 0.217593 0.004687 0.007407
2 0.712240 0.232407 0.004687 0.007407
2 0.791146 0.247685 0.005208 0.008333