1 0.712240 0.264352 0.019271 0.032407
3 0.673958 0.392593 0.020833 0.033333
4 0.735938 0.497222 0.021875 0.035185
4 0.651302 0.447222 0.022396 0.035185
3 0.549740 0.402778 0.020313 0.033333
3 0.502865 0.409722 0.020313 0.032407
4 0.505990 0.368519 0.020313 0.035185
4 0.324479 0.318519 0.019792 0.033333
3 0.711979 0.670370 0.025000 0.038889
3 0.651302 0.615741 0.023438 0.038889
0 0.554167 0.637500 0.023958 0.037963
3 0.499219 0.714815 0.025521 0.040741
4 0.462500 0.709259 0.025000 0.040741
4 0.328125 0.716204 0.025000 0.039815
2 0.362240 0.757407 0.008854 0.014815
2 0.509635 0.759259 0.008854 0.014815
2 0.657031 0.759259 0.008854 0.014815
2 0.824219 0.649537 0.008854 0.013889
2 0.809635 0.570833 0.008854 0.013889
2 0.796615 0.498611 0.008854 0.013889
2 0.195573 0.645370 0.008854 0.014815
2 0.212240 0.566667 0.008854 0.014815
2 0.225260 0.493519 0.008854 0.014815
2 0.248698 0.373148 0.007812 0.012963
2 0.259115 0.315741 0.007812 0.012963
2 0.269010 0.264815 0.007812 0.012963
2 0.773438 0.373611 0.007292 0.012037
2 0.763542 0.318981 0.007292 0.012037
2 0.753646 0.268056 0.007292 0.012037
2 0.409896 0.206019 0.005208 0.008333
2 0.511458 0.206019 0.005208 0.008333
2 0.613021 0.206944 0.005208 0.008333