3 0.626563 0.237500 0.018750 0.028704
3 0.603385 0.267593 0.019271 0.031481
3 0.608854 0.339815 0.019792 0.031481
3 0.692448 0.586111 0.023438 0.037037
4 0.734375 0.607407 0.023958 0.040741
1 0.737760 0.673611 0.024479 0.039815
0 0.710417 0.703704 0.025000 0.042593
3 0.300260 0.514352 0.022396 0.036111
3 0.254427 0.628704 0.024479 0.037037
3 0.243490 0.709722 0.025521 0.041667
2 0.361719 0.758796 0.009896 0.015741
2 0.509115 0.759722 0.009896 0.015741
2 0.655990 0.759722 0.009896 0.015741
2 0.195833 0.644444 0.007292 0.011111
2 0.211458 0.566667 0.007292 0.011111
2 0.225000 0.495370 0.007292 0.011111
2 0.248698 0.371296 0.006771 0.011111
2 0.259635 0.315741 0.006771 0.011111
2 0.269531 0.265741 0.006771 0.011111
2 0.823438 0.648611 0.007292 0.012037
2 0.808854 0.569907 0.007292 0.012037
2 0.796354 0.499537 0.007292 0.012037
2 0.773438 0.374074 0.007292 0.011111
2 0.763021 0.319444 0.007292 0.011111
2 0.753646 0.267593 0.007292 0.011111
2 0.612760 0.207407 0.006771 0.011111
2 0.511198 0.207407 0.006771 0.011111
2 0.409635 0.204630 0.006771 0.011111