4 0.766406 0.727315 0.025521 0.030556
0 0.710156 0.702778 0.025521 0.042593
4 0.734375 0.608333 0.023958 0.040741
3 0.692708 0.586111 0.023958 0.037037
3 0.626302 0.237500 0.018229 0.028704
3 0.603385 0.268519 0.019271 0.031481
3 0.608333 0.340278 0.019792 0.032407
4 0.578125 0.456019 0.021875 0.036111
4 0.491667 0.636111 0.023958 0.040741
4 0.431771 0.682407 0.025000 0.042593
1 0.373437 0.446296 0.021875 0.035185
3 0.300781 0.515278 0.022396 0.034259
3 0.253906 0.628704 0.024479 0.037037
3 0.243750 0.709722 0.026042 0.039815
2 0.361979 0.759259 0.009375 0.014815
2 0.509375 0.759259 0.009375 0.014815
2 0.656250 0.759259 0.009375 0.014815
2 0.823698 0.649074 0.006771 0.011111
2 0.809115 0.570370 0.006771 0.011111
2 0.796615 0.499074 0.006771 0.011111
2 0.196094 0.644444 0.006771 0.011111
2 0.211198 0.566667 0.006771 0.011111
2 0.224740 0.494444 0.006771 0.011111
2 0.772917 0.374537 0.006250 0.010185
2 0.763021 0.318056 0.006250 0.010185
2 0.753646 0.268056 0.006250 0.010185
2 0.248438 0.370833 0.006250 0.010185
2 0.259375 0.317130 0.006250 0.010185
2 0.268750 0.264352 0.006250 0.010185
2 0.613021 0.208333 0.007292 0.011111
2 0.511979 0.206481 0.007292 0.011111
2 0.409896 0.206481 0.007292 0.011111