3 0.509896 0.568519 0.019792 0.024074
4 0.522396 0.579167 0.019792 0.023148
4 0.497396 0.580556 0.019792 0.022222
3 0.533594 0.591667 0.019271 0.022222
0 0.509896 0.592130 0.016667 0.021296
3 0.485938 0.592593 0.021875 0.025926
4 0.545052 0.605093 0.022396 0.025000
4 0.521094 0.603704 0.021354 0.024074
3 0.497917 0.604630 0.016667 0.024074
4 0.473438 0.604167 0.021875 0.025000
3 0.557292 0.624537 0.023958 0.037963
3 0.532813 0.624074 0.023958 0.040741
4 0.509115 0.624074 0.023438 0.038889
3 0.485156 0.623611 0.024479 0.039815
4 0.460417 0.623148 0.023958 0.040741
1 0.471354 0.318519 0.019792 0.033333
2 0.361979 0.758796 0.007292 0.012037
2 0.509375 0.757870 0.007292 0.012037
2 0.656771 0.758796 0.007292 0.012037
2 0.823958 0.648148 0.008333 0.012963
2 0.809375 0.571296 0.008333 0.012963
2 0.796354 0.500000 0.008333 0.012963
2 0.196615 0.644444 0.006771 0.011111
2 0.210677 0.565741 0.006771 0.011111
2 0.224740 0.495370 0.006771 0.011111
2 0.248958 0.371296 0.007292 0.011111
2 0.259375 0.315741 0.007292 0.011111
2 0.269271 0.264815 0.007292 0.011111
2 0.773438 0.373611 0.006250 0.010185
2 0.763542 0.318981 0.006250 0.010185
2 0.753646 0.268056 0.006250 0.010185
2 0.409896 0.206019 0.005208 0.008333
2 0.511458 0.206019 0.005208 0.008333
2 0.612500 0.207870 0.005208 0.008333