3 0.226263 0.723467 0.016813 0.025981
3 0.321289 0.753110 0.017577 0.028124
3 0.316369 0.600152 0.015476 0.025067
3 0.211573 0.329964 0.017193 0.026595
3 0.441335 0.575031 0.017193 0.027205
1 0.499860 0.535202 0.017577 0.026595
4 0.523967 0.427071 0.017577 0.028429
4 0.638454 0.464350 0.017384 0.029652
4 0.659585 0.599112 0.017384 0.029652
3 0.771109 0.564250 0.016622 0.026595
3 0.815847 0.479469 0.016813 0.027510
0 0.671512 0.506171 0.016238 0.025676
2 0.137744 0.369438 0.004655 0.007448
2 0.138339 0.505914 0.004655 0.008019
2 0.138994 0.641914 0.005369 0.007638
2 0.248458 0.814483 0.004655 0.007062
2 0.333161 0.814581 0.005012 0.007257
2 0.417802 0.815248 0.004057 0.007638
2 0.586314 0.815533 0.004176 0.007257
2 0.671375 0.814962 0.004655 0.008019
2 0.756076 0.814676 0.004414 0.007448
2 0.865125 0.642295 0.004655 0.008400
2 0.865600 0.505914 0.004414 0.008971
2 0.866613 0.370010 0.004655 0.008590
2 0.758100 0.195245 0.004295 0.006681
2 0.672685 0.194581 0.004893 0.008210
2 0.587266 0.194102 0.003699 0.006300
2 0.417387 0.193817 0.005607 0.006681
2 0.331969 0.194102 0.003818 0.006300
2 0.246792 0.195248 0.004893 0.007638