0 0.565104 0.525000 0.022917 0.037037
1 0.395573 0.383333 0.020313 0.035185
2 0.361719 0.756944 0.008854 0.013889
2 0.509635 0.758796 0.008854 0.013889
2 0.655990 0.759722 0.008854 0.013889
2 0.823698 0.648148 0.008854 0.014815
2 0.809635 0.569444 0.008854 0.014815
2 0.796615 0.500000 0.008854 0.014815
2 0.196615 0.644444 0.007812 0.012963
2 0.211198 0.566667 0.007812 0.012963
2 0.224740 0.496296 0.007812 0.012963
2 0.248958 0.370833 0.006250 0.010185
2 0.259375 0.316204 0.006250 0.010185
2 0.269271 0.264352 0.006250 0.010185
2 0.773438 0.374074 0.007292 0.011111
2 0.764062 0.320370 0.007292 0.011111
2 0.753646 0.267593 0.007292 0.011111
2 0.511458 0.207407 0.007292 0.011111
2 0.613021 0.206481 0.007292 0.011111