0 0.764062 0.631019 0.022917 0.037963
4 0.828906 0.635648 0.023438 0.026852
4 0.710156 0.561574 0.020313 0.034259
3 0.663802 0.555093 0.020313 0.032407
4 0.542969 0.624537 0.023438 0.037963
4 0.524219 0.669907 0.024479 0.039815
4 0.493229 0.491204 0.017708 0.030556
3 0.449479 0.424074 0.015625 0.025926
4 0.439063 0.389815 0.014583 0.024074
1 0.454427 0.373611 0.014063 0.023148
3 0.407292 0.368056 0.013542 0.017593
3 0.407292 0.387500 0.014583 0.025000
4 0.338021 0.405556 0.015625 0.024074
3 0.298438 0.571759 0.021875 0.034259
3 0.324479 0.667130 0.025000 0.039815
3 0.367188 0.735648 0.027083 0.041667
2 0.525260 0.748148 0.007812 0.012963
2 0.657031 0.712963 0.007812 0.012963
2 0.777865 0.680556 0.007812 0.012963
2 0.810937 0.572685 0.007292 0.012037
2 0.742188 0.525463 0.007292 0.012037
2 0.684375 0.486574 0.007292 0.012037
2 0.282031 0.690278 0.008854 0.013889
2 0.250260 0.624537 0.008854 0.013889
2 0.222135 0.569907 0.008854 0.013889
2 0.178906 0.482407 0.007812 0.012963
2 0.162240 0.450000 0.007812 0.012963
2 0.147135 0.419444 0.007812 0.012963
2 0.589323 0.421296 0.005729 0.009259
2 0.549740 0.395370 0.005729 0.009259
2 0.514844 0.371296 0.005729 0.009259
2 0.386458 0.355093 0.005208 0.008333
2 0.311979 0.364352 0.005208 0.008333
2 0.234896 0.372685 0.005208 0.008333