4 0.823698 0.652315 0.019271 0.030556
0 0.653125 0.574074 0.016667 0.027778
3 0.529948 0.733796 0.020313 0.034259
4 0.459375 0.697222 0.020833 0.035185
4 0.629948 0.636111 0.018229 0.031481
4 0.591927 0.586574 0.017188 0.028704
4 0.554688 0.518981 0.015625 0.025000
3 0.447135 0.598611 0.017188 0.028704
3 0.385677 0.629630 0.018229 0.029630
3 0.491667 0.457870 0.012500 0.023148
4 0.347656 0.574074 0.017188 0.029630
3 0.372656 0.477315 0.015104 0.023148
4 0.301823 0.484722 0.015104 0.023148
1 0.297656 0.464352 0.015104 0.021296
3 0.234375 0.472685 0.014583 0.023148
2 0.699740 0.847685 0.009896 0.015741
2 0.794010 0.794907 0.009896 0.015741
2 0.876302 0.750463 0.009896 0.015741
2 0.851562 0.631944 0.006250 0.010185
2 0.772396 0.587500 0.006250 0.010185
2 0.703125 0.547685 0.006250 0.010185
2 0.456510 0.815741 0.007812 0.012963
2 0.389844 0.746296 0.007812 0.012963
2 0.330990 0.687037 0.007812 0.012963
2 0.238802 0.590741 0.005729 0.009259
2 0.200260 0.551852 0.005729 0.009259
2 0.166406 0.516667 0.005729 0.009259
2 0.226302 0.452778 0.005729 0.009259
2 0.296875 0.435648 0.004167 0.006481
2 0.363021 0.420833 0.004167 0.006481
2 0.587240 0.484259 0.004687 0.007407
2 0.538281 0.456481 0.004687 0.007407
2 0.492969 0.431481 0.004687 0.007407