3 0.690104 0.301389 0.018750 0.030556
3 0.657292 0.240278 0.018750 0.030556
3 0.564844 0.236574 0.018229 0.030556
3 0.614583 0.298148 0.018750 0.031481
0 0.648438 0.340278 0.019792 0.032407
4 0.667969 0.387500 0.020313 0.034259
3 0.610156 0.466204 0.021354 0.036111
4 0.551562 0.584722 0.023958 0.039815
4 0.524219 0.617130 0.024479 0.039815
4 0.478385 0.512963 0.022396 0.038889
4 0.458073 0.571296 0.023438 0.038889
4 0.424479 0.514352 0.021875 0.037963
1 0.347135 0.250000 0.018229 0.031481
4 0.279167 0.466667 0.021875 0.035185
3 0.340885 0.637963 0.024479 0.040741
3 0.380729 0.725000 0.025000 0.025926
2 0.362240 0.758333 0.008854 0.014815
2 0.509115 0.760185 0.008854 0.014815
2 0.656510 0.760185 0.008854 0.014815
2 0.824219 0.649074 0.006771 0.011111
2 0.809115 0.570370 0.006771 0.011111
2 0.796094 0.498148 0.006771 0.011111
2 0.196354 0.644444 0.008333 0.012963
2 0.210938 0.566667 0.008333 0.012963
2 0.223958 0.495370 0.008333 0.012963
2 0.248698 0.371296 0.006771 0.011111
2 0.259115 0.314815 0.006771 0.011111
2 0.269010 0.265741 0.006771 0.011111
2 0.773438 0.374537 0.006250 0.010185
2 0.763021 0.318981 0.006250 0.010185
2 0.753646 0.268056 0.006250 0.010185
2 0.410417 0.205093 0.007292 0.012037
2 0.511458 0.205093 0.007292 0.012037
2 0.613021 0.207870 0.007292 0.012037