1 0.660937 0.599537 0.019792 0.032407
4 0.650521 0.715278 0.022917 0.037963
3 0.597917 0.663426 0.021875 0.036111
0 0.586458 0.623148 0.020833 0.033333
4 0.598437 0.582407 0.018750 0.031481
3 0.577865 0.713426 0.023438 0.037963
3 0.492708 0.511111 0.016667 0.027778
3 0.426302 0.680556 0.022396 0.037037
3 0.198437 0.452778 0.015625 0.025926
3 0.098177 0.500000 0.017188 0.027778
2 0.700000 0.753704 0.008333 0.012963
2 0.777083 0.701852 0.008333 0.012963
2 0.845313 0.657407 0.008333 0.012963
2 0.796875 0.561574 0.005208 0.008333
2 0.711979 0.531019 0.005208 0.008333
2 0.635938 0.503241 0.005208 0.008333
2 0.449219 0.748611 0.008854 0.013889
2 0.361198 0.694907 0.008854 0.013889
2 0.285677 0.647685 0.008854 0.013889
2 0.160156 0.569444 0.006771 0.011111
2 0.107031 0.537037 0.006771 0.011111
2 0.059115 0.506481 0.006771 0.011111
2 0.110417 0.446759 0.005208 0.008333
2 0.184896 0.428241 0.005208 0.008333
2 0.253125 0.411574 0.005208 0.008333
2 0.393750 0.413426 0.005208 0.008333
2 0.446875 0.433796 0.005208 0.008333
2 0.504167 0.454167 0.005208 0.008333