0 0.319798 0.338448 0.020548 0.034038
4 0.504906 0.705007 0.027074 0.045252
1 0.630147 0.727121 0.027557 0.035195
2 0.356382 0.763781 0.008003 0.006610
2 0.503717 0.764567 0.006839 0.007229
2 0.650315 0.765043 0.006583 0.007229
2 0.818237 0.653676 0.006711 0.006400
2 0.804015 0.575210 0.006839 0.006610
2 0.791049 0.504360 0.007098 0.006814
2 0.768277 0.379329 0.006196 0.007229
2 0.758092 0.324590 0.006065 0.005371
2 0.748647 0.272621 0.005033 0.006195
2 0.607512 0.212043 0.004905 0.005990
2 0.506243 0.211567 0.005938 0.005990
2 0.404884 0.211462 0.006196 0.005781
2 0.264382 0.270510 0.005551 0.005781
2 0.254185 0.321898 0.006583 0.004748
2 0.243420 0.376764 0.005292 0.004957
2 0.219417 0.501152 0.004905 0.005162
2 0.205673 0.571836 0.006583 0.005576
2 0.190792 0.649700 0.006583 0.007019