2 0.417149 0.194174 0.003940 0.006443
2 0.332073 0.194440 0.004027 0.006024
2 0.246866 0.194917 0.003851 0.006024
2 0.137850 0.369819 0.003676 0.006305
2 0.138621 0.506010 0.004027 0.006305
2 0.138875 0.641583 0.003940 0.006024
2 0.248564 0.814369 0.003676 0.005881
2 0.333088 0.814917 0.003676 0.006024
2 0.417909 0.815126 0.003676 0.006443
2 0.586571 0.815393 0.003500 0.006024
2 0.671183 0.815126 0.003676 0.006443
2 0.756049 0.814845 0.003765 0.005881
2 0.865188 0.641793 0.003589 0.006443
2 0.865573 0.506079 0.003765 0.006443
2 0.866124 0.370238 0.003676 0.007143
2 0.757668 0.195126 0.004027 0.006443
2 0.672759 0.194510 0.003851 0.006162
2 0.587509 0.194314 0.003589 0.006724
0 0.345338 0.732738 0.013890 0.022619
4 0.797891 0.504207 0.016616 0.024605
1 0.826042 0.386507 0.016369 0.025395