4 0.718490 0.406019 0.020313 0.032407
4 0.681250 0.321759 0.019792 0.032407
3 0.582812 0.265741 0.018750 0.031481
3 0.481771 0.323611 0.019792 0.032407
1 0.366927 0.320833 0.019271 0.032407
3 0.297396 0.344907 0.019792 0.030556
4 0.339844 0.373611 0.020313 0.034259
4 0.546094 0.500926 0.022396 0.037037
3 0.483073 0.484259 0.021354 0.037037
3 0.334896 0.529167 0.022917 0.037963
0 0.279948 0.547222 0.023438 0.035185
3 0.325781 0.567130 0.023438 0.036111
4 0.464062 0.608333 0.022917 0.037037
3 0.614844 0.655093 0.024479 0.039815
4 0.322396 0.718519 0.025000 0.037037
2 0.357552 0.757407 0.008854 0.014815
2 0.503385 0.758333 0.008854 0.014815
2 0.651823 0.758333 0.008854 0.014815
2 0.818490 0.648611 0.008854 0.013889
2 0.804427 0.569907 0.008854 0.013889
2 0.790885 0.497685 0.008854 0.013889
2 0.190885 0.643981 0.008854 0.013889
2 0.205469 0.565278 0.008854 0.013889
2 0.220052 0.494907 0.008854 0.013889
2 0.242969 0.371296 0.007812 0.012963
2 0.254427 0.314815 0.007812 0.012963
2 0.263802 0.264815 0.007812 0.012963
2 0.768750 0.373611 0.007292 0.012037
2 0.757812 0.318056 0.007292 0.012037
2 0.748437 0.268981 0.007292 0.012037
2 0.405208 0.205093 0.006250 0.010185
2 0.506771 0.206019 0.006250 0.010185
2 0.607812 0.206019 0.006250 0.010185