3 0.712240 0.376852 0.020313 0.029630
4 0.714583 0.401852 0.020833 0.033333
3 0.510156 0.371759 0.020313 0.032407
4 0.505208 0.343056 0.019792 0.032407
3 0.467708 0.379630 0.019792 0.033333
3 0.399219 0.274537 0.019271 0.030556
4 0.361979 0.284259 0.018750 0.031481
1 0.400521 0.430556 0.021875 0.035185
3 0.455208 0.451389 0.021875 0.034259
3 0.708594 0.516667 0.022396 0.037037
4 0.439844 0.575000 0.023438 0.038889
0 0.343750 0.518519 0.022917 0.035185
3 0.276302 0.464352 0.021354 0.036111
2 0.349479 0.757407 0.010417 0.016667
2 0.496875 0.758333 0.010417 0.016667
2 0.643750 0.760185 0.010417 0.016667
2 0.810677 0.646759 0.007812 0.012037
2 0.797135 0.569907 0.007812 0.012037
2 0.784115 0.498611 0.007812 0.012037
2 0.183594 0.644907 0.007812 0.012037
2 0.198698 0.566204 0.007812 0.012037
2 0.212760 0.494907 0.007812 0.012037
2 0.236458 0.371296 0.006250 0.009259
2 0.247396 0.314815 0.006250 0.009259
2 0.256771 0.264815 0.006250 0.009259
2 0.760938 0.372685 0.006250 0.010185
2 0.750521 0.318056 0.006250 0.010185
2 0.741146 0.268056 0.006250 0.010185
2 0.397656 0.205556 0.005729 0.009259
2 0.498698 0.205556 0.005729 0.009259
2 0.600781 0.205556 0.005729 0.009259