4 0.812760 0.442130 0.016146 0.025000
4 0.738802 0.636111 0.015104 0.025926
4 0.669531 0.566204 0.015104 0.025000
3 0.599479 0.279167 0.014583 0.023148
1 0.591667 0.405093 0.015625 0.025000
0 0.604427 0.671296 0.015104 0.024074
3 0.535677 0.751852 0.014063 0.024074
3 0.524219 0.528704 0.015104 0.024074
4 0.448177 0.253241 0.014063 0.023148
3 0.414062 0.253704 0.015625 0.025926
4 0.415885 0.450926 0.015104 0.025926
3 0.405208 0.492130 0.014583 0.023148
3 0.416927 0.542593 0.015104 0.024074
4 0.360938 0.498611 0.015625 0.025000
4 0.269010 0.679167 0.016146 0.025000
3 0.251042 0.633333 0.015625 0.024074
2 0.139063 0.643056 0.007292 0.012037
2 0.138542 0.506944 0.007292 0.012037
2 0.138542 0.370833 0.007292 0.012037
2 0.865104 0.641667 0.007292 0.011111
2 0.865625 0.506481 0.007292 0.011111
2 0.865625 0.370370 0.007292 0.011111
2 0.247917 0.814352 0.006250 0.010185
2 0.333854 0.815278 0.006250 0.010185
2 0.417708 0.815278 0.006250 0.010185
2 0.586458 0.815278 0.007292 0.012037
2 0.671875 0.815278 0.007292 0.012037
2 0.756250 0.814352 0.007292 0.012037
2 0.246354 0.195833 0.006250 0.010185
2 0.332813 0.194907 0.006250 0.010185
2 0.417708 0.193981 0.006250 0.010185
2 0.587760 0.194444 0.006771 0.011111
2 0.672135 0.196296 0.006771 0.011111
2 0.757552 0.195370 0.006771 0.011111