4 0.812240 0.441667 0.016146 0.025926
4 0.738802 0.635648 0.015104 0.025000
4 0.669792 0.565278 0.015625 0.025000
3 0.599219 0.279167 0.015104 0.023148
1 0.592187 0.405093 0.015625 0.025000
0 0.603906 0.671296 0.015104 0.024074
3 0.535417 0.751852 0.014583 0.024074
3 0.523698 0.529630 0.015104 0.024074
4 0.448437 0.253704 0.014583 0.024074
3 0.414062 0.252778 0.015625 0.025926
4 0.416146 0.450926 0.015625 0.025926
3 0.405208 0.492130 0.014583 0.023148
3 0.416406 0.541667 0.015104 0.024074
4 0.360938 0.498611 0.015625 0.025000
4 0.269010 0.678241 0.016146 0.025000
3 0.251042 0.632407 0.015625 0.024074
2 0.138281 0.642130 0.006771 0.010185
2 0.138281 0.505093 0.006771 0.010185
2 0.138281 0.369907 0.006771 0.010185
2 0.864583 0.641204 0.006250 0.010185
2 0.865625 0.506019 0.006250 0.010185
2 0.866667 0.368981 0.006250 0.010185
2 0.247917 0.815278 0.007292 0.012037
2 0.332813 0.815278 0.007292 0.012037
2 0.418229 0.816204 0.007292 0.012037
2 0.586198 0.815741 0.006771 0.011111
2 0.671615 0.816667 0.006771 0.011111
2 0.756510 0.813889 0.006771 0.011111
2 0.246354 0.195833 0.006250 0.010185
2 0.332292 0.194907 0.006250 0.010185
2 0.416667 0.194907 0.006250 0.010185
2 0.587500 0.194907 0.006250 0.010185
2 0.672396 0.194907 0.006250 0.010185
2 0.757812 0.195833 0.006250 0.010185