3 0.692187 0.337037 0.019792 0.033333
4 0.694531 0.396759 0.020313 0.034259
4 0.652083 0.304167 0.019792 0.032407
3 0.635677 0.243519 0.018229 0.031481
4 0.754167 0.679630 0.025000 0.042593
4 0.718229 0.691204 0.025000 0.041667
3 0.590885 0.649537 0.024479 0.039815
3 0.539583 0.493981 0.021875 0.036111
3 0.494792 0.470370 0.021875 0.037037
0 0.500521 0.615278 0.023958 0.039815
3 0.429688 0.493519 0.021875 0.035185
4 0.410938 0.482870 0.021875 0.036111
1 0.357292 0.282407 0.018750 0.031481
3 0.313281 0.653704 0.024479 0.040741
4 0.253646 0.662500 0.025000 0.039815
2 0.349479 0.757407 0.008333 0.012963
2 0.496875 0.757407 0.008333 0.012963
2 0.643750 0.760185 0.008333 0.012963
2 0.810937 0.647685 0.007292 0.012037
2 0.796354 0.568981 0.007292 0.012037
2 0.783854 0.497685 0.007292 0.012037
2 0.183594 0.644907 0.008854 0.013889
2 0.198698 0.565278 0.008854 0.013889
2 0.212240 0.494907 0.008854 0.013889
2 0.236719 0.370370 0.005729 0.009259
2 0.247135 0.314815 0.005729 0.009259
2 0.256510 0.263889 0.005729 0.009259
2 0.760677 0.373148 0.007812 0.012963
2 0.750781 0.319444 0.007812 0.012963
2 0.740885 0.267593 0.007812 0.012963
2 0.397135 0.204630 0.005729 0.009259
2 0.499219 0.206481 0.005729 0.009259
2 0.600781 0.205556 0.005729 0.009259