3 0.963542 0.604167 0.023958 0.030556
3 0.601302 0.375000 0.016146 0.025926
3 0.555469 0.368056 0.016146 0.025000
3 0.623698 0.454630 0.019271 0.031481
3 0.562760 0.444444 0.018229 0.029630
0 0.543229 0.568981 0.022917 0.037963
1 0.495312 0.568981 0.022917 0.037963
3 0.419531 0.436111 0.018229 0.029630
3 0.357292 0.494444 0.019792 0.025926
2 0.749219 0.717593 0.007812 0.012963
2 0.866927 0.675926 0.007812 0.012963
2 0.972656 0.638889 0.007812 0.012963
2 0.959635 0.524074 0.007812 0.012963
2 0.873177 0.479630 0.004687 0.007407
2 0.798698 0.439815 0.004687 0.007407
2 0.476823 0.666204 0.008854 0.013889
2 0.414323 0.598611 0.008854 0.013889
2 0.363281 0.541204 0.008854 0.013889
2 0.281771 0.451389 0.005208 0.008333
2 0.248958 0.415278 0.005208 0.008333
2 0.220833 0.383796 0.005208 0.008333
2 0.293229 0.332870 0.004167 0.006481
2 0.370312 0.320833 0.004167 0.006481
2 0.442708 0.309722 0.004167 0.006481
2 0.677083 0.376389 0.005208 0.008333
2 0.626563 0.348611 0.005208 0.008333
2 0.581250 0.324537 0.005208 0.008333