4 0.853646 0.534259 0.026042 0.044444
3 0.578906 0.526389 0.024479 0.041667
3 0.432552 0.763889 0.024479 0.042593
3 0.413021 0.722685 0.023958 0.041667
4 0.395833 0.553241 0.023958 0.041667
4 0.377344 0.383796 0.024479 0.043519
0 0.311198 0.578704 0.023438 0.040741
1 0.290625 0.309722 0.023958 0.041667
4 0.263802 0.511111 0.023438 0.042593
3 0.240885 0.518519 0.025521 0.042593
4 0.253385 0.573611 0.024479 0.041667
3 0.197396 0.829167 0.023958 0.041667
4 0.117969 0.256481 0.025521 0.042593
3 0.113542 0.687037 0.025000 0.040741
2 0.065104 0.686111 0.007292 0.012963
2 0.066146 0.500926 0.007292 0.012963
2 0.066667 0.312963 0.007292 0.012963
2 0.194792 0.087037 0.007292 0.012963
2 0.299479 0.088889 0.007292 0.012963
2 0.403125 0.088889 0.007292 0.012963
2 0.609896 0.087963 0.007292 0.012963
2 0.714063 0.086111 0.007292 0.012963
2 0.819271 0.085185 0.007292 0.012963
2 0.949479 0.313889 0.007292 0.012963
2 0.950000 0.500000 0.007292 0.012963
2 0.951042 0.687037 0.007292 0.012963
2 0.820833 0.916667 0.007292 0.012963
2 0.715104 0.915741 0.007292 0.012963
2 0.611458 0.914815 0.007292 0.012963
2 0.403125 0.915741 0.007292 0.012963
2 0.297917 0.916667 0.007292 0.012963
2 0.193229 0.917593 0.007292 0.012963