2 0.356827 0.763526 0.006512 0.006100
2 0.503692 0.764331 0.006789 0.005805
2 0.650875 0.765210 0.006512 0.005657
2 0.818249 0.654257 0.006140 0.005657
2 0.803915 0.575610 0.006045 0.005505
2 0.791183 0.504510 0.005580 0.005210
2 0.768378 0.379674 0.005208 0.005062
2 0.758007 0.324762 0.005301 0.004762
2 0.748643 0.273483 0.005024 0.005062
2 0.607729 0.212560 0.004744 0.004167
2 0.506539 0.212083 0.004744 0.004167
2 0.405051 0.211533 0.004744 0.004019
2 0.264257 0.270879 0.005301 0.004614
2 0.254250 0.321831 0.004929 0.004614
2 0.243536 0.377143 0.004929 0.004762
2 0.219568 0.500729 0.005208 0.004314
2 0.205766 0.571831 0.005580 0.004614
2 0.190728 0.650150 0.005860 0.005062
3 0.315874 0.478255 0.022223 0.035557
3 0.424603 0.542064 0.022420 0.037462
3 0.361507 0.348571 0.020039 0.033333
0 0.462302 0.626826 0.024009 0.039367
1 0.522917 0.480160 0.021429 0.035557