3 0.362512 0.679067 0.016690 0.027657
3 0.545049 0.714464 0.014503 0.027024
3 0.624317 0.590655 0.016491 0.027024
1 0.545747 0.487321 0.017685 0.027024
0 0.718862 0.549226 0.018080 0.027976
2 0.137921 0.370010 0.004414 0.007638
2 0.138458 0.506105 0.004893 0.007448
2 0.138814 0.641914 0.004414 0.007638
2 0.248576 0.815057 0.004295 0.007257
2 0.333101 0.814579 0.004893 0.006300
2 0.417921 0.815343 0.004295 0.007829
2 0.586433 0.815343 0.004414 0.008781
2 0.671375 0.815343 0.004655 0.007829
2 0.756077 0.814390 0.005012 0.007829
2 0.865183 0.642200 0.004176 0.007257
2 0.865720 0.505819 0.005250 0.007829
2 0.866256 0.369914 0.004536 0.007448
2 0.757862 0.195533 0.003818 0.007257
2 0.672744 0.194676 0.005012 0.008400
2 0.587208 0.194295 0.004774 0.007638
2 0.417208 0.194581 0.004655 0.007257
2 0.331851 0.194388 0.004774 0.006871
2 0.246731 0.195436 0.004176 0.007062