3 0.642708 0.325926 0.019792 0.031481
3 0.683333 0.350463 0.019792 0.032407
4 0.697656 0.591204 0.023438 0.039815
3 0.697656 0.724074 0.024479 0.029630
3 0.579688 0.464352 0.021875 0.036111
3 0.530208 0.434722 0.020833 0.034259
1 0.542448 0.568056 0.023438 0.037963
3 0.395833 0.384259 0.020833 0.033333
4 0.394010 0.651852 0.024479 0.040741
0 0.350521 0.569444 0.023958 0.035185
3 0.263802 0.443056 0.021354 0.036111
4 0.234375 0.662963 0.025000 0.040741
2 0.350260 0.758796 0.008854 0.013889
2 0.497135 0.758796 0.008854 0.013889
2 0.643490 0.758796 0.008854 0.013889
2 0.811458 0.647222 0.009375 0.014815
2 0.796354 0.569444 0.009375 0.014815
2 0.784375 0.498148 0.009375 0.014815
2 0.183073 0.645370 0.007812 0.012963
2 0.198177 0.565741 0.007812 0.012963
2 0.212240 0.494444 0.007812 0.012963
2 0.761198 0.373148 0.005729 0.009259
2 0.750781 0.317593 0.005729 0.009259
2 0.741406 0.267593 0.005729 0.009259
2 0.236458 0.370833 0.006250 0.010185
2 0.247396 0.315278 0.006250 0.010185
2 0.256250 0.263426 0.006250 0.010185
2 0.398438 0.204630 0.007292 0.011111
2 0.499479 0.205556 0.007292 0.011111
2 0.600521 0.206481 0.007292 0.011111