3 0.635677 0.246296 0.018229 0.029630
4 0.454948 0.278704 0.019271 0.029630
1 0.580208 0.345833 0.019792 0.032407
3 0.715104 0.409722 0.020833 0.034259
3 0.696094 0.484722 0.022396 0.036111
4 0.767448 0.729167 0.024479 0.032407
4 0.686719 0.606481 0.023438 0.038889
3 0.639844 0.583796 0.023438 0.037963
3 0.517708 0.527778 0.022917 0.037037
0 0.495833 0.605556 0.023958 0.038889
3 0.389583 0.547685 0.022917 0.036111
2 0.350000 0.756481 0.008333 0.012963
2 0.497396 0.758333 0.008333 0.012963
2 0.643750 0.759259 0.008333 0.012963
2 0.811198 0.646759 0.009896 0.015741
2 0.796615 0.568981 0.009896 0.015741
2 0.784635 0.497685 0.009896 0.015741
2 0.183594 0.644444 0.006771 0.011111
2 0.198177 0.565741 0.006771 0.011111
2 0.212760 0.495370 0.006771 0.011111
2 0.761458 0.373611 0.006250 0.010185
2 0.750521 0.318056 0.006250 0.010185
2 0.741146 0.267130 0.006250 0.010185
2 0.236198 0.370370 0.005729 0.009259
2 0.247135 0.314815 0.005729 0.009259
2 0.257031 0.263889 0.005729 0.009259
2 0.397656 0.204630 0.005729 0.009259
2 0.498698 0.205556 0.005729 0.009259
2 0.600781 0.206481 0.005729 0.009259