4 0.281771 0.429167 0.020833 0.036111
3 0.496094 0.251389 0.018229 0.030556
3 0.664583 0.409259 0.020833 0.033333
3 0.732552 0.476389 0.022396 0.034259
3 0.693490 0.504167 0.022396 0.034259
0 0.415104 0.470370 0.021875 0.035185
3 0.459115 0.633796 0.024479 0.039815
1 0.491667 0.691204 0.025000 0.041667
3 0.355729 0.579630 0.022917 0.038889
4 0.379427 0.718056 0.025521 0.036111
3 0.298177 0.692593 0.025521 0.040741
2 0.349740 0.758333 0.007812 0.012963
2 0.497135 0.757407 0.007812 0.012963
2 0.644010 0.758333 0.007812 0.012963
2 0.810937 0.647685 0.007292 0.012037
2 0.796875 0.569907 0.007292 0.012037
2 0.784375 0.498611 0.007292 0.012037
2 0.183854 0.643981 0.006250 0.010185
2 0.198437 0.566204 0.006250 0.010185
2 0.212500 0.494907 0.006250 0.010185
2 0.235937 0.370370 0.008333 0.012963
2 0.246875 0.313889 0.008333 0.012963
2 0.257292 0.264815 0.008333 0.012963
2 0.741406 0.266667 0.006771 0.011111
2 0.751302 0.317593 0.006771 0.011111
2 0.761198 0.372222 0.006771 0.011111
2 0.397917 0.205093 0.005208 0.008333
2 0.498958 0.205093 0.005208 0.008333
2 0.600521 0.206944 0.005208 0.008333