4 0.820312 0.616667 0.015625 0.024074
3 0.792448 0.696296 0.016146 0.024074
3 0.733333 0.543519 0.015625 0.024074
4 0.658854 0.251852 0.015625 0.025926
3 0.584896 0.293056 0.014583 0.025000
4 0.714323 0.479630 0.016146 0.025926
3 0.675781 0.652778 0.015104 0.025926
4 0.489583 0.752315 0.014583 0.025000
0 0.542969 0.597222 0.015104 0.024074
1 0.506250 0.500463 0.015625 0.025000
3 0.549219 0.245833 0.014063 0.025000
3 0.459635 0.312963 0.015104 0.024074
3 0.209115 0.508796 0.015104 0.023148
2 0.139323 0.640741 0.006771 0.011111
2 0.138802 0.506481 0.006771 0.011111
2 0.137760 0.369444 0.006771 0.011111
2 0.865104 0.641667 0.007292 0.011111
2 0.866146 0.506481 0.007292 0.011111
2 0.866667 0.369444 0.007292 0.011111
2 0.247917 0.814352 0.005208 0.008333
2 0.333333 0.814352 0.005208 0.008333
2 0.417708 0.815278 0.005208 0.008333
2 0.586719 0.814815 0.004687 0.007407
2 0.671094 0.814815 0.004687 0.007407
2 0.755990 0.814815 0.004687 0.007407
2 0.246615 0.195370 0.004687 0.007407
2 0.331510 0.194444 0.004687 0.007407
2 0.417448 0.194444 0.004687 0.007407
2 0.587760 0.194444 0.005729 0.009259
2 0.672135 0.194444 0.005729 0.009259
2 0.758073 0.195370 0.005729 0.009259