4 0.618750 0.239815 0.018750 0.031481
4 0.657813 0.329167 0.019792 0.032407
3 0.496615 0.250463 0.018229 0.030556
1 0.344792 0.356481 0.019792 0.035185
3 0.664062 0.409722 0.020833 0.034259
0 0.415104 0.470370 0.021875 0.035185
4 0.281510 0.429167 0.021354 0.036111
3 0.732552 0.476852 0.022396 0.037037
3 0.692969 0.504630 0.022396 0.035185
4 0.740625 0.566667 0.022917 0.038889
4 0.523698 0.615741 0.023438 0.038889
3 0.459635 0.632407 0.024479 0.038889
3 0.355469 0.579630 0.023438 0.038889
4 0.379688 0.718056 0.025000 0.036111
3 0.298698 0.692593 0.025521 0.040741
2 0.348958 0.756481 0.008333 0.012963
2 0.496875 0.757407 0.008333 0.012963
2 0.644271 0.759259 0.008333 0.012963
2 0.810937 0.646759 0.007292 0.012037
2 0.796875 0.568056 0.007292 0.012037
2 0.783854 0.498611 0.007292 0.012037
2 0.183594 0.644444 0.006771 0.011111
2 0.198698 0.564815 0.006771 0.011111
2 0.212240 0.494444 0.006771 0.011111
2 0.740625 0.266667 0.008333 0.012963
2 0.751042 0.318519 0.008333 0.012963
2 0.760417 0.372222 0.008333 0.012963
2 0.236198 0.370370 0.006771 0.011111
2 0.247135 0.315741 0.006771 0.011111
2 0.256510 0.263889 0.006771 0.011111
2 0.398177 0.204630 0.005729 0.009259
2 0.499219 0.205556 0.005729 0.009259
2 0.600781 0.208333 0.005729 0.009259