3 0.741927 0.731019 0.015104 0.023148
3 0.760417 0.541667 0.014583 0.024074
3 0.769271 0.311574 0.015625 0.025000
0 0.667448 0.296296 0.015104 0.024074
3 0.534115 0.530556 0.015104 0.024074
4 0.480208 0.656481 0.015625 0.025926
4 0.394271 0.598611 0.015625 0.025000
1 0.338281 0.675000 0.016146 0.025926
4 0.313542 0.604630 0.015625 0.024074
3 0.331771 0.302778 0.015625 0.025926
4 0.179427 0.475926 0.016146 0.024074
3 0.191927 0.418056 0.016146 0.025000
2 0.138542 0.642130 0.007292 0.012037
2 0.139063 0.506944 0.007292 0.012037
2 0.138021 0.370833 0.007292 0.012037
2 0.864844 0.641204 0.006771 0.010185
2 0.865365 0.506019 0.006771 0.010185
2 0.866406 0.369907 0.006771 0.010185
2 0.248958 0.814352 0.008333 0.013889
2 0.333333 0.815278 0.008333 0.013889
2 0.417187 0.816204 0.008333 0.013889
2 0.586719 0.814815 0.005729 0.009259
2 0.671615 0.814815 0.005729 0.009259
2 0.755990 0.814815 0.005729 0.009259
2 0.246875 0.193981 0.007292 0.012037
2 0.331250 0.195833 0.007292 0.012037
2 0.416667 0.193981 0.007292 0.012037
2 0.587500 0.194907 0.005208 0.008333
2 0.672917 0.194907 0.005208 0.008333
2 0.757812 0.194907 0.005208 0.008333