3 0.741927 0.731019 0.015104 0.023148
3 0.760677 0.542130 0.015104 0.023148
3 0.769010 0.312500 0.015104 0.025000
1 0.669271 0.415278 0.015625 0.025000
0 0.667448 0.296296 0.015104 0.024074
4 0.558073 0.715278 0.015104 0.025000
4 0.540885 0.290741 0.015104 0.025926
3 0.533854 0.531019 0.014583 0.023148
4 0.480208 0.656481 0.015625 0.025926
4 0.394271 0.599074 0.015625 0.025926
4 0.313542 0.605093 0.015625 0.025000
3 0.332031 0.301852 0.015104 0.025926
4 0.179948 0.475463 0.016146 0.023148
3 0.191927 0.417593 0.016146 0.024074
2 0.139323 0.642593 0.005729 0.009259
2 0.138802 0.505556 0.005729 0.009259
2 0.137760 0.370370 0.005729 0.009259
2 0.865365 0.642130 0.005729 0.008333
2 0.865885 0.506019 0.005729 0.008333
2 0.865885 0.369907 0.005729 0.008333
2 0.248438 0.814815 0.008333 0.012963
2 0.332813 0.815741 0.008333 0.012963
2 0.417708 0.815741 0.008333 0.012963
2 0.586198 0.814815 0.005729 0.009259
2 0.671615 0.814815 0.005729 0.009259
2 0.755469 0.814815 0.005729 0.009259
2 0.247135 0.193519 0.006771 0.011111
2 0.332031 0.195370 0.006771 0.011111
2 0.417969 0.193519 0.006771 0.011111
2 0.587500 0.193981 0.005208 0.008333
2 0.672396 0.194907 0.005208 0.008333
2 0.758333 0.194907 0.005208 0.008333