3 0.769531 0.579167 0.021354 0.034259
0 0.681510 0.514815 0.019271 0.031481
3 0.614323 0.643519 0.022396 0.037037
3 0.453646 0.696759 0.023958 0.039815
3 0.433854 0.498611 0.018750 0.030556
3 0.440365 0.369444 0.015104 0.025926
4 0.316146 0.498611 0.018750 0.030556
4 0.304688 0.443981 0.017708 0.028704
3 0.307292 0.338889 0.014583 0.024074
4 0.270313 0.342593 0.014583 0.024074
4 0.258333 0.410648 0.016667 0.026852
1 0.221875 0.438426 0.017708 0.028704
2 0.653385 0.762963 0.007812 0.012963
2 0.753906 0.706481 0.007812 0.012963
2 0.844010 0.657407 0.007812 0.012963
2 0.822396 0.531944 0.006250 0.010185
2 0.741146 0.486574 0.006250 0.010185
2 0.668229 0.445833 0.006250 0.010185
2 0.396094 0.732407 0.008854 0.014815
2 0.324740 0.658333 0.008854 0.014815
2 0.263802 0.596296 0.008854 0.014815
2 0.168229 0.494907 0.005208 0.008333
2 0.127083 0.452315 0.005208 0.008333
2 0.091667 0.415278 0.005208 0.008333
2 0.547396 0.376389 0.005208 0.008333
2 0.494792 0.348611 0.005208 0.008333
2 0.447396 0.321759 0.005208 0.008333
2 0.158333 0.346759 0.005208 0.008333
2 0.235937 0.328241 0.005208 0.008333
2 0.308333 0.310648 0.005208 0.008333