3 0.889844 0.412037 0.025521 0.042593
4 0.876563 0.291667 0.026042 0.042593
3 0.857292 0.325926 0.025000 0.042593
4 0.775781 0.360185 0.024479 0.042593
1 0.766667 0.767130 0.023958 0.041667
4 0.464844 0.469444 0.023438 0.042593
3 0.396354 0.730093 0.023958 0.041667
0 0.349740 0.573611 0.023438 0.041667
3 0.243750 0.309722 0.023958 0.041667
4 0.222656 0.290741 0.024479 0.042593
2 0.064062 0.687037 0.007292 0.012963
2 0.066146 0.500926 0.007292 0.012963
2 0.066146 0.313889 0.007292 0.012963
2 0.194792 0.087037 0.007292 0.012963
2 0.298958 0.089815 0.007292 0.012963
2 0.402604 0.088889 0.007292 0.012963
2 0.609896 0.087963 0.007292 0.012963
2 0.714063 0.086111 0.007292 0.012963
2 0.818750 0.086111 0.007292 0.012963
2 0.949479 0.312963 0.007292 0.012963
2 0.950000 0.500926 0.007292 0.012963
2 0.951042 0.686111 0.007292 0.012963
2 0.820833 0.915741 0.007292 0.012963
2 0.716146 0.915741 0.007292 0.012963
2 0.611979 0.914815 0.007292 0.012963
2 0.403125 0.915741 0.007292 0.012963
2 0.297917 0.915741 0.007292 0.012963
2 0.193229 0.917593 0.007292 0.012963