3 0.595866 0.617271 0.021494 0.036448
3 0.728214 0.529793 0.021310 0.032919
4 0.695656 0.507119 0.019289 0.032333
1 0.597600 0.445431 0.017818 0.030862
4 0.531165 0.486348 0.019473 0.031743
3 0.515067 0.475360 0.017634 0.032624
3 0.457219 0.466495 0.020390 0.032038
3 0.502524 0.417119 0.018738 0.032333
4 0.536955 0.424807 0.018554 0.030567
3 0.335900 0.467848 0.017634 0.029981
3 0.327454 0.412938 0.018003 0.029686
0 0.254353 0.401510 0.017634 0.029686
4 0.176263 0.419933 0.018003 0.029390
2 0.151722 0.434905 0.004634 0.006000
2 0.189762 0.473088 0.004524 0.006176
2 0.231781 0.514605 0.004634 0.006352
2 0.330062 0.612879 0.005958 0.006710
2 0.388263 0.669843 0.006289 0.006352
2 0.454125 0.735557 0.007060 0.006352
2 0.697016 0.760850 0.007723 0.007414
2 0.799628 0.710110 0.006399 0.006886
2 0.894304 0.663176 0.007060 0.006352
2 0.890324 0.542083 0.006839 0.005119
2 0.811533 0.497021 0.006399 0.005471
2 0.740555 0.455717 0.005515 0.004767
2 0.618531 0.385752 0.005515 0.003886
2 0.565688 0.354164 0.005185 0.005471
2 0.516625 0.326229 0.004083 0.003886
2 0.368851 0.318274 0.004964 0.005119
2 0.294039 0.339383 0.004744 0.003529
2 0.215257 0.361500 0.005515 0.003000