4 0.222400 0.746560 0.016824 0.027405
0 0.229841 0.627512 0.016824 0.027405
3 0.293080 0.559226 0.016518 0.030833
3 0.389644 0.624193 0.015598 0.028386
3 0.449466 0.487036 0.015598 0.027405
3 0.395920 0.356805 0.017435 0.027895
3 0.492485 0.437255 0.016518 0.025938
4 0.425665 0.331348 0.016211 0.029362
4 0.515546 0.437321 0.016211 0.030833
4 0.622714 0.298505 0.018048 0.030343
1 0.491753 0.300369 0.017435 0.027405
3 0.663760 0.298955 0.016211 0.028386
3 0.700810 0.546548 0.015905 0.026429
2 0.137929 0.353760 0.004429 0.007519
2 0.137698 0.490748 0.004562 0.008162
2 0.137670 0.628521 0.005101 0.007519
2 0.247452 0.803436 0.004429 0.006871
2 0.333695 0.802852 0.004295 0.006657
2 0.419552 0.801962 0.005771 0.007733
2 0.592162 0.801331 0.004562 0.008376
2 0.677714 0.800010 0.004833 0.008590
2 0.764091 0.798998 0.004967 0.007519
2 0.872952 0.622331 0.004833 0.007519
2 0.872060 0.485079 0.004833 0.007300
2 0.871397 0.347905 0.004699 0.010095
2 0.760778 0.173283 0.004295 0.007519
2 0.675631 0.174019 0.004833 0.007086
2 0.589619 0.174664 0.004833 0.008376
2 0.419284 0.175510 0.005235 0.008162
2 0.333436 0.176831 0.004967 0.007948
2 0.247923 0.176983 0.005369 0.007300