1 0.585156 0.634259 0.016146 0.027778
3 0.435937 0.592593 0.014583 0.024074
3 0.362760 0.532407 0.013021 0.020370
3 0.294531 0.512500 0.011979 0.019444
3 0.260417 0.521296 0.012500 0.020370
3 0.282813 0.574537 0.014583 0.023148
3 0.287760 0.603704 0.015104 0.024074
2 0.664844 0.733333 0.006771 0.011111
2 0.729427 0.697222 0.006771 0.011111
2 0.785677 0.664815 0.006771 0.011111
2 0.746094 0.595370 0.006771 0.011111
2 0.677344 0.571296 0.006771 0.011111
2 0.615885 0.553704 0.006771 0.011111
2 0.459635 0.727315 0.008854 0.013889
2 0.389323 0.686574 0.008854 0.013889
2 0.328906 0.652315 0.008854 0.013889
2 0.231771 0.596296 0.007292 0.011111
2 0.189583 0.573148 0.007292 0.011111
2 0.153125 0.551852 0.007292 0.011111
2 0.196615 0.510185 0.005729 0.009259
2 0.256510 0.496296 0.005729 0.009259
2 0.311198 0.485185 0.005729 0.009259
2 0.510938 0.517130 0.004167 0.006481
2 0.464583 0.501389 0.004167 0.006481
2 0.422917 0.487500 0.004167 0.006481