4 0.674219 0.288426 0.014063 0.023148
4 0.741406 0.453704 0.015104 0.025926
0 0.685937 0.457407 0.015625 0.024074
4 0.698177 0.539352 0.016146 0.025000
4 0.649740 0.593981 0.015104 0.023148
3 0.530469 0.544444 0.014063 0.024074
3 0.458854 0.751852 0.014583 0.024074
3 0.388802 0.691204 0.015104 0.025000
4 0.427604 0.514815 0.015625 0.024074
1 0.433333 0.428241 0.015625 0.025000
4 0.493750 0.237037 0.015625 0.024074
3 0.330469 0.457407 0.015104 0.024074
3 0.214062 0.566667 0.016667 0.024074
3 0.211458 0.485648 0.015625 0.023148
4 0.173958 0.237500 0.016667 0.025000
2 0.248438 0.814352 0.006250 0.010185
2 0.333333 0.814352 0.006250 0.010185
2 0.417708 0.815278 0.006250 0.010185
2 0.586458 0.814352 0.005208 0.008333
2 0.671354 0.815278 0.005208 0.008333
2 0.755729 0.815278 0.005208 0.008333
2 0.866146 0.506944 0.007292 0.012037
2 0.865104 0.642130 0.007292 0.012037
2 0.866146 0.369907 0.007292 0.012037
2 0.672396 0.194907 0.005208 0.008333
2 0.758333 0.194907 0.005208 0.008333
2 0.588021 0.193981 0.005208 0.008333
2 0.246875 0.195370 0.007292 0.011111
2 0.331250 0.195370 0.007292 0.011111
2 0.417187 0.194444 0.007292 0.011111
2 0.138542 0.640741 0.008333 0.012963
2 0.138021 0.505556 0.008333 0.012963
2 0.138021 0.369444 0.008333 0.012963