4 0.698177 0.539352 0.016146 0.025000
4 0.649740 0.594444 0.015104 0.024074
0 0.685937 0.456944 0.015625 0.023148
3 0.530729 0.544444 0.014583 0.024074
4 0.741146 0.454167 0.015625 0.025000
4 0.494010 0.237500 0.015104 0.025000
3 0.458333 0.752778 0.014583 0.024074
4 0.673958 0.288426 0.014583 0.023148
1 0.433333 0.427315 0.015625 0.025000
4 0.428125 0.515278 0.015625 0.025000
3 0.388281 0.690741 0.015104 0.024074
3 0.330469 0.457407 0.015104 0.024074
3 0.215625 0.562963 0.015625 0.024074
3 0.211198 0.486574 0.014063 0.023148
4 0.173958 0.237500 0.016667 0.025000
2 0.864583 0.643519 0.009375 0.014815
2 0.866146 0.505556 0.009375 0.014815
2 0.865625 0.370370 0.009375 0.014815
2 0.586198 0.816667 0.006771 0.011111
2 0.671094 0.815741 0.006771 0.011111
2 0.755990 0.814815 0.006771 0.011111
2 0.587760 0.194444 0.005729 0.009259
2 0.672656 0.193519 0.005729 0.009259
2 0.758073 0.195370 0.005729 0.009259
2 0.248438 0.815278 0.005208 0.008333
2 0.333333 0.814352 0.005208 0.008333
2 0.418229 0.814352 0.005208 0.008333
2 0.138542 0.640278 0.007292 0.012037
2 0.138542 0.504167 0.007292 0.012037
2 0.138021 0.369907 0.007292 0.012037
2 0.246875 0.194907 0.005208 0.008333
2 0.331771 0.193981 0.005208 0.008333
2 0.417187 0.193981 0.005208 0.008333