4 0.684115 0.233796 0.019271 0.030556
0 0.731510 0.540278 0.023438 0.036111
3 0.599479 0.430556 0.020833 0.035185
4 0.396615 0.701852 0.025521 0.042593
4 0.406771 0.625926 0.023958 0.038889
1 0.294271 0.575463 0.023958 0.037963
3 0.292187 0.457870 0.021875 0.034259
2 0.349740 0.757407 0.007812 0.012963
2 0.496615 0.759259 0.007812 0.012963
2 0.644010 0.758333 0.007812 0.012963
2 0.811458 0.648148 0.009375 0.014815
2 0.795833 0.570370 0.009375 0.014815
2 0.784375 0.499074 0.009375 0.014815
2 0.761198 0.373611 0.006771 0.010185
2 0.750781 0.318056 0.006771 0.010185
2 0.740885 0.268056 0.006771 0.010185
2 0.397396 0.204630 0.007292 0.011111
2 0.499479 0.205556 0.007292 0.011111
2 0.600521 0.206481 0.007292 0.011111
2 0.184115 0.644907 0.009896 0.015741
2 0.199219 0.566204 0.009896 0.015741
2 0.212760 0.493981 0.009896 0.015741
2 0.236198 0.370370 0.005729 0.009259
2 0.247135 0.314815 0.005729 0.009259
2 0.256510 0.264815 0.005729 0.009259