3 0.527604 0.735185 0.014583 0.024074
1 0.651042 0.669907 0.015625 0.025000
4 0.658073 0.744907 0.015104 0.025000
3 0.687760 0.710648 0.015104 0.025000
4 0.725000 0.595833 0.015625 0.025000
3 0.809635 0.612963 0.015104 0.024074
4 0.779687 0.546759 0.015625 0.025000
4 0.760677 0.500000 0.015104 0.025926
4 0.795052 0.264352 0.016146 0.025000
0 0.627865 0.257407 0.015104 0.024074
3 0.487500 0.390278 0.014583 0.025000
3 0.421094 0.373611 0.015104 0.025000
3 0.340625 0.507870 0.015625 0.023148
3 0.347917 0.317593 0.015625 0.025926
4 0.176302 0.262500 0.016146 0.025000
2 0.247396 0.194444 0.007292 0.011111
2 0.331771 0.194444 0.007292 0.011111
2 0.417187 0.194444 0.007292 0.011111
2 0.586979 0.193981 0.005208 0.008333
2 0.673438 0.193981 0.005208 0.008333
2 0.757292 0.193981 0.005208 0.008333
2 0.865625 0.370370 0.008333 0.012963
2 0.866146 0.506481 0.008333 0.012963
2 0.866146 0.639815 0.008333 0.012963
2 0.755990 0.814815 0.004687 0.007407
2 0.671615 0.814815 0.004687 0.007407
2 0.586719 0.815741 0.004687 0.007407
2 0.248177 0.813889 0.004687 0.007407
2 0.333073 0.814815 0.004687 0.007407
2 0.417969 0.814815 0.004687 0.007407
2 0.139583 0.640278 0.007292 0.012037
2 0.138021 0.506019 0.007292 0.012037
2 0.138021 0.368981 0.007292 0.012037