4 0.747396 0.695833 0.025000 0.039815
0 0.731510 0.540278 0.022396 0.034259
4 0.684115 0.233796 0.019271 0.030556
3 0.652604 0.334722 0.019792 0.032407
3 0.610938 0.383333 0.020833 0.033333
3 0.599740 0.430093 0.021354 0.034259
3 0.496875 0.329167 0.019792 0.032407
4 0.502865 0.660185 0.024479 0.040741
4 0.455208 0.680556 0.025000 0.042593
3 0.384635 0.709259 0.025521 0.040741
4 0.407292 0.625926 0.023958 0.038889
3 0.292187 0.457407 0.021875 0.033333
1 0.339844 0.558796 0.023438 0.037963
3 0.296875 0.591204 0.023958 0.037963
4 0.267448 0.564352 0.023438 0.037963
2 0.349740 0.757407 0.007812 0.012963
2 0.497135 0.758333 0.007812 0.012963
2 0.644010 0.758333 0.007812 0.012963
2 0.811719 0.647685 0.006771 0.010185
2 0.797135 0.568981 0.006771 0.010185
2 0.784115 0.497685 0.006771 0.010185
2 0.182812 0.644907 0.006250 0.010185
2 0.198958 0.566204 0.006250 0.010185
2 0.211979 0.494907 0.006250 0.010185
2 0.236719 0.370370 0.006771 0.011111
2 0.247656 0.317593 0.006771 0.011111
2 0.257031 0.263889 0.006771 0.011111
2 0.397656 0.205556 0.004687 0.007407
2 0.499219 0.206481 0.005729 0.009259
2 0.600260 0.205556 0.005729 0.009259
2 0.761198 0.373148 0.006771 0.011111
2 0.750781 0.317593 0.006771 0.011111
2 0.740885 0.265741 0.006771 0.011111