4 0.852604 0.533333 0.026042 0.044444
4 0.640104 0.324074 0.023958 0.042593
3 0.578906 0.526389 0.024479 0.041667
3 0.432292 0.764815 0.025000 0.042593
3 0.413281 0.723611 0.024479 0.041667
4 0.377083 0.383796 0.025000 0.043519
0 0.316146 0.578241 0.022917 0.041667
4 0.329948 0.650926 0.024479 0.042593
4 0.303906 0.621759 0.024479 0.041667
3 0.197917 0.829167 0.023958 0.041667
1 0.254167 0.557870 0.023958 0.041667
3 0.221094 0.310185 0.025521 0.042593
4 0.117708 0.255556 0.025000 0.042593
2 0.065104 0.687037 0.007292 0.012963
2 0.066146 0.500926 0.007292 0.012963
2 0.066667 0.314815 0.007292 0.012963
2 0.194792 0.087963 0.007292 0.012963
2 0.298958 0.087963 0.007292 0.012963
2 0.402604 0.088889 0.007292 0.012963
2 0.609896 0.087963 0.007292 0.012963
2 0.714063 0.086111 0.007292 0.012963
2 0.818750 0.086111 0.007292 0.012963
2 0.950000 0.313889 0.007292 0.012963
2 0.950521 0.500000 0.007292 0.012963
2 0.950521 0.687963 0.007292 0.012963
2 0.820833 0.915741 0.007292 0.012963
2 0.715625 0.914815 0.007292 0.012963
2 0.610938 0.914815 0.007292 0.012963
2 0.403125 0.914815 0.007292 0.012963
2 0.298438 0.915741 0.007292 0.012963
2 0.192708 0.917593 0.007292 0.012963