2 0.419296 0.175636 0.004068 0.006510
2 0.333531 0.176507 0.003967 0.006348
2 0.247917 0.177302 0.003571 0.006033
2 0.137549 0.353095 0.003670 0.006190
2 0.137500 0.490636 0.003571 0.006033
2 0.137600 0.628255 0.003771 0.006033
2 0.247421 0.804126 0.003771 0.006348
2 0.333731 0.803095 0.003771 0.006190
2 0.419692 0.802302 0.004265 0.006510
2 0.591766 0.800874 0.003771 0.006510
2 0.677728 0.799840 0.003670 0.006348
2 0.763591 0.798969 0.003967 0.006510
2 0.872966 0.622619 0.003670 0.006190
2 0.872073 0.485317 0.003670 0.005871
2 0.871478 0.348174 0.003670 0.005871
2 0.760963 0.173493 0.003473 0.006033
2 0.675397 0.173810 0.003771 0.006667
2 0.590030 0.174602 0.003869 0.006348
4 0.342496 0.440069 0.015943 0.025852
4 0.206463 0.519421 0.015307 0.025510
4 0.456271 0.725000 0.015518 0.026190
4 0.521449 0.688164 0.015518 0.025852
4 0.714307 0.697483 0.015518 0.024490
4 0.733949 0.590545 0.015518 0.025852
4 0.689499 0.550033 0.015307 0.024829
3 0.348618 0.394660 0.015092 0.025510
3 0.214881 0.626564 0.014881 0.025510
3 0.327997 0.649729 0.015518 0.025171
3 0.387415 0.719898 0.015307 0.025510
3 0.777615 0.419117 0.015943 0.025852
3 0.777699 0.276088 0.015518 0.025510
1 0.563521 0.315783 0.015732 0.025852
0 0.588988 0.545714 0.014881 0.023810