4 0.735417 0.525926 0.023958 0.038889
4 0.799219 0.586111 0.026562 0.042593
3 0.720052 0.677315 0.029687 0.049074
3 0.719792 0.552778 0.025000 0.038889
4 0.672396 0.574537 0.026042 0.030556
4 0.672396 0.600000 0.025000 0.038889
3 0.665365 0.612037 0.027604 0.042593
0 0.611198 0.660648 0.029687 0.047222
4 0.409375 0.677778 0.030208 0.048148
4 0.328385 0.568519 0.025521 0.042593
3 0.303906 0.534722 0.024479 0.037963
3 0.474479 0.407407 0.018750 0.029630
4 0.442188 0.393519 0.017708 0.029630
3 0.388021 0.411574 0.018750 0.030556
1 0.289583 0.398611 0.018750 0.030556
3 0.261979 0.398148 0.018750 0.029630
2 0.602865 0.762037 0.011979 0.018519
2 0.767969 0.727778 0.011979 0.018519
2 0.916406 0.695370 0.011979 0.018519
2 0.947396 0.581019 0.006250 0.010185
2 0.857292 0.531944 0.006250 0.010185
2 0.781771 0.490278 0.006250 0.010185
2 0.296354 0.700000 0.007292 0.011111
2 0.253125 0.630556 0.007292 0.011111
2 0.215625 0.574074 0.007292 0.011111
2 0.159635 0.487037 0.006771 0.011111
2 0.136719 0.450000 0.006771 0.011111
2 0.117448 0.420370 0.006771 0.011111
2 0.222135 0.374074 0.005729 0.009259
2 0.315885 0.364815 0.005729 0.009259
2 0.405469 0.355556 0.005729 0.009259
2 0.564063 0.373148 0.004167 0.007407
2 0.608333 0.397222 0.004167 0.007407
2 0.658854 0.425000 0.004167 0.007407