4 0.704688 0.532870 0.022917 0.037963
4 0.687240 0.619444 0.024479 0.040741
3 0.656510 0.563889 0.023438 0.038889
4 0.584635 0.583796 0.023438 0.037963
4 0.560937 0.610185 0.022917 0.040741
3 0.543490 0.620370 0.024479 0.038889
3 0.521615 0.699074 0.025521 0.040741
0 0.453125 0.662037 0.025000 0.040741
4 0.287240 0.640278 0.024479 0.039815
4 0.312760 0.505093 0.022396 0.037963
3 0.321875 0.457870 0.021875 0.036111
3 0.611198 0.305556 0.019271 0.033333
4 0.597135 0.274074 0.019271 0.031481
3 0.521615 0.294444 0.019271 0.031481
1 0.443229 0.253241 0.018750 0.030556
3 0.417448 0.248611 0.018229 0.030556
2 0.349219 0.757870 0.008854 0.013889
2 0.497135 0.757870 0.008854 0.013889
2 0.644010 0.758796 0.008854 0.013889
2 0.810937 0.647685 0.006250 0.010185
2 0.797396 0.568981 0.006250 0.010185
2 0.783854 0.499537 0.006250 0.010185
2 0.760938 0.373611 0.005208 0.008333
2 0.750521 0.318056 0.005208 0.008333
2 0.741146 0.268056 0.005208 0.008333
2 0.600521 0.206944 0.006250 0.010185
2 0.499479 0.205093 0.006250 0.010185
2 0.397917 0.205093 0.006250 0.010185
2 0.257031 0.263889 0.005729 0.009259
2 0.247135 0.315741 0.005729 0.009259
2 0.235677 0.370370 0.005729 0.009259
2 0.182812 0.643981 0.006250 0.010185
2 0.198958 0.565278 0.006250 0.010185
2 0.212500 0.494907 0.006250 0.010185