3 0.825781 0.431019 0.015104 0.023148
3 0.761979 0.564352 0.015625 0.025000
3 0.772135 0.487963 0.015104 0.024074
4 0.721875 0.414352 0.015625 0.025000
0 0.683854 0.389815 0.015625 0.024074
3 0.634375 0.714352 0.014583 0.023148
1 0.648438 0.606944 0.015625 0.025000
3 0.624740 0.415741 0.015104 0.024074
3 0.580990 0.659259 0.015104 0.024074
3 0.394010 0.425000 0.015104 0.025926
4 0.272917 0.318519 0.015625 0.024074
2 0.586719 0.814815 0.006771 0.011111
2 0.671615 0.814815 0.006771 0.011111
2 0.756510 0.814815 0.006771 0.011111
2 0.864323 0.641667 0.006771 0.011111
2 0.865885 0.505556 0.004687 0.007407
2 0.865885 0.369444 0.004687 0.007407
2 0.758594 0.194444 0.005729 0.009259
2 0.672656 0.195370 0.005729 0.009259
2 0.587760 0.194444 0.005729 0.009259
2 0.417708 0.194444 0.007292 0.011111
2 0.332813 0.195370 0.007292 0.011111
2 0.246875 0.195370 0.007292 0.011111
2 0.139323 0.640741 0.007812 0.012963
2 0.138281 0.505556 0.007812 0.012963
2 0.138281 0.369444 0.007812 0.012963
2 0.248698 0.813889 0.004687 0.007407
2 0.333073 0.815741 0.004687 0.007407
2 0.417448 0.814815 0.004687 0.007407