1 0.686198 0.640278 0.020313 0.030556
0 0.683594 0.668981 0.021354 0.032407
3 0.751042 0.737963 0.023958 0.033333
3 0.654167 0.721296 0.022917 0.037037
3 0.589323 0.735185 0.023438 0.038889
3 0.367708 0.694907 0.021875 0.036111
3 0.398698 0.659722 0.020313 0.034259
3 0.411719 0.543981 0.016146 0.026852
2 0.639844 0.822685 0.007812 0.012037
2 0.745573 0.778241 0.007812 0.012037
2 0.838281 0.738426 0.007812 0.012037
2 0.816927 0.638426 0.007812 0.012037
2 0.735938 0.603241 0.005208 0.008333
2 0.665104 0.570833 0.005208 0.008333
2 0.547396 0.518981 0.004167 0.006481
2 0.498437 0.495833 0.004167 0.006481
2 0.453646 0.475463 0.004167 0.006481
2 0.375521 0.793519 0.008333 0.012963
2 0.309896 0.732407 0.008333 0.012963
2 0.255208 0.682407 0.008333 0.012963
2 0.169010 0.602778 0.004687 0.007407
2 0.133594 0.569444 0.004687 0.007407
2 0.102865 0.540741 0.004687 0.007407
2 0.173958 0.491204 0.005208 0.008333
2 0.249479 0.478241 0.005208 0.008333
2 0.320312 0.465278 0.005208 0.008333