3 0.300000 0.543519 0.022917 0.037037
3 0.355729 0.500000 0.021875 0.037037
1 0.416146 0.567130 0.022917 0.039815
3 0.437760 0.661111 0.024479 0.040741
3 0.515104 0.671296 0.025000 0.038889
3 0.576562 0.721759 0.025000 0.030556
4 0.588542 0.623611 0.023958 0.039815
0 0.610156 0.588889 0.023438 0.038889
3 0.582812 0.537500 0.022917 0.036111
3 0.566406 0.364352 0.020313 0.032407
4 0.647135 0.287963 0.019271 0.029630
2 0.350000 0.756019 0.006250 0.010185
2 0.496354 0.757870 0.006250 0.010185
2 0.643750 0.757870 0.006250 0.010185
2 0.811198 0.646296 0.007812 0.012963
2 0.796615 0.568519 0.007812 0.012963
2 0.784115 0.497222 0.007812 0.012963
2 0.183854 0.643981 0.006250 0.010185
2 0.198437 0.566204 0.006250 0.010185
2 0.211979 0.493981 0.006250 0.010185
2 0.760938 0.373611 0.006250 0.010185
2 0.750521 0.318056 0.006250 0.010185
2 0.741146 0.267130 0.006250 0.010185
2 0.236458 0.368981 0.006250 0.010185
2 0.247396 0.314352 0.006250 0.010185
2 0.256250 0.265278 0.006250 0.010185
2 0.398177 0.205556 0.004687 0.007407
2 0.499219 0.205556 0.004687 0.007407
2 0.600260 0.205556 0.004687 0.007407