0 0.649219 0.629630 0.020313 0.033333
3 0.350521 0.669444 0.020833 0.033333
3 0.376563 0.625463 0.019792 0.032407
1 0.467448 0.604167 0.019271 0.032407
3 0.378906 0.481019 0.016146 0.026852
2 0.615625 0.816667 0.009375 0.014815
2 0.711458 0.759259 0.009375 0.014815
2 0.795833 0.709259 0.009375 0.014815
2 0.774740 0.590741 0.004687 0.007407
2 0.696354 0.548148 0.004167 0.005556
2 0.627344 0.510185 0.004687 0.007407
2 0.367708 0.791667 0.008333 0.012963
2 0.298958 0.721296 0.008333 0.012963
2 0.240104 0.661111 0.008333 0.012963
2 0.146354 0.563426 0.006250 0.010185
2 0.106250 0.522685 0.006250 0.010185
2 0.070833 0.486574 0.006250 0.010185
2 0.136198 0.420370 0.004687 0.007407
2 0.210677 0.401852 0.004687 0.007407
2 0.280990 0.384259 0.004687 0.007407
2 0.415104 0.393056 0.004167 0.006481
2 0.460417 0.418056 0.004167 0.006481
2 0.510938 0.445833 0.004167 0.006481