3 0.761979 0.563889 0.015625 0.024074
4 0.811719 0.328241 0.016146 0.025000
3 0.825260 0.429630 0.015104 0.024074
3 0.772396 0.488426 0.014583 0.023148
4 0.769531 0.441667 0.015104 0.024074
4 0.721615 0.414352 0.015104 0.025000
0 0.684375 0.389815 0.015625 0.024074
3 0.634115 0.713426 0.015104 0.023148
3 0.580990 0.659259 0.015104 0.024074
1 0.636979 0.485185 0.015625 0.025926
4 0.620833 0.454630 0.015625 0.024074
3 0.624740 0.414815 0.015104 0.024074
3 0.393750 0.424537 0.015625 0.025000
4 0.272917 0.317593 0.015625 0.024074
2 0.671875 0.815278 0.006250 0.010185
2 0.755729 0.815278 0.006250 0.010185
2 0.586458 0.815278 0.006250 0.010185
2 0.865104 0.641204 0.007292 0.012037
2 0.866146 0.506019 0.007292 0.012037
2 0.866146 0.368981 0.007292 0.012037
2 0.758073 0.194444 0.005729 0.009259
2 0.672656 0.194444 0.005729 0.009259
2 0.587240 0.194444 0.005729 0.009259
2 0.418229 0.193981 0.005208 0.008333
2 0.331771 0.195833 0.005208 0.008333
2 0.246875 0.194907 0.005208 0.008333
2 0.417969 0.814815 0.005729 0.009259
2 0.333073 0.814815 0.005729 0.009259
2 0.248698 0.814815 0.005729 0.009259
2 0.139063 0.642130 0.007292 0.012037
2 0.138542 0.506019 0.007292 0.012037
2 0.138021 0.369907 0.007292 0.012037