3 0.647917 0.625463 0.023958 0.037963
3 0.654427 0.562500 0.023438 0.037963
3 0.653385 0.505093 0.022396 0.036111
3 0.298177 0.640741 0.024479 0.038889
3 0.417448 0.586111 0.023438 0.038889
3 0.331510 0.506944 0.022396 0.036111
1 0.352604 0.383796 0.026042 0.036111
3 0.550781 0.268519 0.018229 0.031481
0 0.432292 0.379167 0.020833 0.032407
2 0.348958 0.756481 0.009375 0.014815
2 0.497917 0.758333 0.009375 0.014815
2 0.643750 0.759259 0.009375 0.014815
2 0.811198 0.648611 0.008854 0.013889
2 0.797656 0.568981 0.008854 0.013889
2 0.784635 0.497685 0.008854 0.013889
2 0.761198 0.373148 0.005729 0.009259
2 0.750260 0.318519 0.005729 0.009259
2 0.741406 0.266667 0.005729 0.009259
2 0.183854 0.643981 0.006250 0.010185
2 0.198958 0.566204 0.006250 0.010185
2 0.211979 0.494907 0.006250 0.010185
2 0.236198 0.371296 0.005729 0.009259
2 0.246615 0.316667 0.005729 0.009259
2 0.257031 0.264815 0.005729 0.009259
2 0.397917 0.205093 0.005208 0.008333
2 0.499479 0.205093 0.005208 0.008333
2 0.600521 0.206944 0.005208 0.008333