1 0.819010 0.720833 0.016146 0.025000
3 0.740104 0.702315 0.014583 0.023148
3 0.590365 0.685185 0.015104 0.024074
4 0.611719 0.620833 0.015104 0.025000
3 0.681510 0.587500 0.015104 0.023148
4 0.750781 0.353704 0.016146 0.024074
3 0.724740 0.354630 0.015104 0.024074
3 0.653385 0.340741 0.015104 0.024074
3 0.586458 0.336111 0.014583 0.024074
4 0.496094 0.239815 0.015104 0.025926
4 0.526563 0.443981 0.014583 0.025000
0 0.417708 0.583333 0.015625 0.024074
4 0.226042 0.606481 0.015625 0.024074
3 0.238802 0.440278 0.016146 0.025000
2 0.755990 0.815278 0.007812 0.012037
2 0.670573 0.814352 0.007812 0.012037
2 0.586719 0.815278 0.007812 0.012037
2 0.865104 0.643056 0.008333 0.013889
2 0.865625 0.505093 0.008333 0.013889
2 0.866146 0.368981 0.008333 0.013889
2 0.757552 0.196296 0.005729 0.009259
2 0.672656 0.194444 0.005729 0.009259
2 0.587240 0.194444 0.005729 0.009259
2 0.418229 0.815278 0.005208 0.008333
2 0.332813 0.815278 0.005208 0.008333
2 0.248438 0.814352 0.005208 0.008333
2 0.139063 0.639815 0.008333 0.012963
2 0.139583 0.505556 0.008333 0.012963
2 0.137500 0.370370 0.008333 0.012963
2 0.417187 0.193981 0.004167 0.006481
2 0.332292 0.193981 0.005208 0.008333
2 0.246875 0.195833 0.005208 0.008333