4 0.771354 0.887500 0.021875 0.041667
1 0.719792 0.831481 0.019792 0.035185
4 0.618229 0.746296 0.016667 0.031481
4 0.505469 0.671296 0.014063 0.025926
4 0.459115 0.642130 0.014063 0.025000
4 0.447656 0.844907 0.020313 0.037963
4 0.368750 0.844444 0.020833 0.037037
4 0.291667 0.662963 0.014583 0.025926
2 0.395313 0.993981 0.011458 0.012037
2 0.335417 0.923148 0.011458 0.012963
2 0.285417 0.864815 0.011458 0.012963
2 0.207813 0.772222 0.011458 0.012963
2 0.176563 0.735185 0.011458 0.012963
2 0.148958 0.703704 0.011458 0.012963
2 0.221354 0.650000 0.011458 0.012963
2 0.294271 0.637037 0.011458 0.012963
2 0.363542 0.624074 0.011458 0.012963
2 0.492708 0.636111 0.011458 0.012963
2 0.535417 0.659259 0.011458 0.012963
2 0.582812 0.685185 0.011458 0.012963
2 0.696354 0.746296 0.011458 0.012963
2 0.765625 0.784259 0.011458 0.012963
2 0.845313 0.828704 0.011458 0.012963
2 0.861979 0.945370 0.011458 0.012963
2 0.765625 0.987963 0.011458 0.012963