2 0.495286 0.707014 0.004262 0.004505
2 0.446573 0.669202 0.003860 0.004119
2 0.403080 0.635329 0.003780 0.003990
2 0.328458 0.577040 0.003940 0.003605
2 0.296034 0.552086 0.003378 0.003219
2 0.266827 0.529357 0.003298 0.003476
2 0.300595 0.480400 0.002976 0.002705
2 0.350040 0.463926 0.003057 0.003090
2 0.397121 0.448907 0.002574 0.002576
2 0.493887 0.449988 0.002655 0.002833
2 0.527976 0.466371 0.002976 0.003219
2 0.565259 0.484467 0.003137 0.003219
2 0.649823 0.525767 0.003217 0.002962
2 0.697482 0.548817 0.003298 0.003348
2 0.750185 0.574183 0.003940 0.003605
2 0.762845 0.647298 0.004262 0.004119
2 0.709153 0.679202 0.004021 0.004119
2 0.650144 0.713964 0.003860 0.004119
3 0.511640 0.673617 0.013756 0.023424
3 0.759854 0.624233 0.013756 0.020848
3 0.542158 0.518250 0.011101 0.018405
3 0.504022 0.527774 0.011021 0.018405
3 0.428104 0.509988 0.010375 0.017119
3 0.296501 0.522150 0.010860 0.017633
0 0.620826 0.631455 0.013676 0.022910
1 0.470866 0.503360 0.010780 0.018148
4 0.494217 0.470205 0.010458 0.016600
4 0.408801 0.488560 0.010458 0.017119
4 0.306387 0.530824 0.011583 0.018790
4 0.464671 0.631133 0.013271 0.022267
4 0.570359 0.549910 0.012146 0.019819