2 0.419814 0.802583 0.004509 0.007071
2 0.333460 0.803174 0.004420 0.006348
2 0.247610 0.803724 0.004149 0.006495
2 0.137698 0.628629 0.003967 0.006781
2 0.137653 0.490867 0.003878 0.006495
2 0.137609 0.353507 0.003789 0.006062
2 0.247908 0.177057 0.004149 0.006495
2 0.333531 0.176507 0.003967 0.006348
2 0.419246 0.175555 0.003967 0.006348
2 0.590034 0.174602 0.003878 0.006348
2 0.675406 0.174271 0.003789 0.006638
2 0.760940 0.173507 0.003429 0.006062
2 0.871537 0.348412 0.003789 0.006348
2 0.872268 0.485152 0.004060 0.006495
2 0.872979 0.622626 0.003696 0.006205
2 0.763682 0.799438 0.004149 0.006495
2 0.678012 0.799986 0.004238 0.006638
2 0.591567 0.801269 0.003967 0.006348
3 0.721131 0.711429 0.014881 0.024762
4 0.621131 0.697143 0.014881 0.026667
0 0.738790 0.483810 0.014485 0.023810
3 0.832341 0.283493 0.015277 0.023176
4 0.559424 0.356350 0.014682 0.025081
3 0.468155 0.311588 0.015476 0.026033
3 0.453571 0.397619 0.014881 0.024762
3 0.339088 0.474286 0.015080 0.023810
3 0.244841 0.727460 0.015277 0.025395
4 0.277679 0.731112 0.015476 0.025081
4 0.261607 0.445555 0.016071 0.024443
4 0.299900 0.239364 0.015872 0.026348
1 0.364286 0.384445 0.015476 0.025081