4 0.736458 0.690278 0.021875 0.034259
3 0.710417 0.675000 0.020833 0.033333
3 0.652344 0.633333 0.019271 0.031481
3 0.599479 0.600926 0.017708 0.029630
3 0.488802 0.788426 0.023438 0.039815
3 0.520573 0.710185 0.021354 0.035185
4 0.409635 0.734259 0.022396 0.037037
3 0.380208 0.681019 0.020833 0.034259
1 0.445573 0.673148 0.020313 0.033333
0 0.339323 0.572685 0.017188 0.028704
4 0.493229 0.593519 0.017708 0.029630
3 0.329167 0.487037 0.014583 0.024074
2 0.669531 0.859259 0.007812 0.012963
2 0.768490 0.807407 0.007812 0.012963
2 0.856510 0.761111 0.007812 0.012963
2 0.830469 0.645370 0.006771 0.011111
2 0.748698 0.602778 0.006771 0.011111
2 0.676302 0.566667 0.006771 0.011111
2 0.408594 0.833333 0.009896 0.016667
2 0.337760 0.762037 0.009896 0.016667
2 0.278125 0.703241 0.005208 0.008333
2 0.182031 0.610185 0.006771 0.011111
2 0.141927 0.571296 0.006771 0.011111
2 0.107031 0.537037 0.006771 0.011111
2 0.172917 0.477315 0.005208 0.008333
2 0.249479 0.459722 0.005208 0.008333
2 0.319271 0.444907 0.005208 0.008333
2 0.554688 0.504630 0.004167 0.007407
2 0.503125 0.477778 0.004167 0.007407
2 0.456250 0.454630 0.004167 0.007407