4 0.595573 0.738889 0.021354 0.035185
4 0.668229 0.688889 0.020833 0.033333
3 0.693750 0.681019 0.019792 0.032407
3 0.763542 0.593519 0.017708 0.029630
0 0.655208 0.613889 0.017708 0.029630
3 0.686719 0.575000 0.017188 0.029630
4 0.633073 0.487963 0.015104 0.024074
4 0.550521 0.476389 0.015625 0.025000
3 0.520312 0.442130 0.013542 0.023148
3 0.458854 0.472222 0.014583 0.024074
3 0.436719 0.485648 0.015104 0.025000
4 0.406510 0.461574 0.014063 0.025000
1 0.446615 0.369444 0.013021 0.020370
4 0.249740 0.468981 0.015104 0.025000
2 0.666667 0.756019 0.006250 0.010185
2 0.751042 0.706944 0.006250 0.010185
2 0.825521 0.662500 0.006250 0.010185
2 0.805208 0.552315 0.005208 0.008333
2 0.733854 0.510648 0.005208 0.008333
2 0.670312 0.474537 0.005208 0.008333
2 0.564063 0.413426 0.004167 0.006481
2 0.518229 0.386574 0.004167 0.006481
2 0.476562 0.363426 0.004167 0.006481
2 0.446354 0.729167 0.005208 0.008333
2 0.383333 0.663889 0.005208 0.007407
2 0.330208 0.608796 0.005208 0.008333
2 0.243490 0.518519 0.005729 0.009259
2 0.207031 0.480556 0.005729 0.009259
2 0.174740 0.446296 0.005729 0.009259
2 0.229167 0.386574 0.005208 0.008333
2 0.294531 0.369444 0.003646 0.005556
2 0.356510 0.353704 0.003646 0.005556