0 0.823438 0.626852 0.017708 0.029630
3 0.715625 0.622222 0.018750 0.029630
3 0.623958 0.550000 0.015625 0.025926
4 0.613802 0.525000 0.015104 0.024074
4 0.597917 0.510185 0.014583 0.024074
4 0.469271 0.694907 0.020833 0.034259
4 0.510156 0.481944 0.013021 0.023148
4 0.316667 0.568056 0.016667 0.025000
4 0.382292 0.556481 0.016667 0.025926
3 0.399740 0.524074 0.015104 0.025926
3 0.326302 0.518981 0.015104 0.025000
1 0.446615 0.422222 0.013021 0.020370
3 0.357292 0.431019 0.011458 0.019444
3 0.335677 0.464352 0.013021 0.021296
4 0.194010 0.460648 0.014063 0.019444
2 0.665625 0.751852 0.006250 0.009259
2 0.753646 0.710185 0.006250 0.009259
2 0.832292 0.674074 0.006250 0.009259
2 0.810417 0.580556 0.006250 0.009259
2 0.738802 0.545370 0.004687 0.007407
2 0.676302 0.514815 0.004687 0.007407
2 0.572135 0.463889 0.004687 0.007407
2 0.527865 0.440741 0.004687 0.007407
2 0.439583 0.724074 0.006250 0.009259
2 0.379688 0.666667 0.006250 0.009259
2 0.329167 0.619444 0.006250 0.009259
2 0.250260 0.543519 0.005729 0.009259
2 0.217448 0.512963 0.005729 0.009259
2 0.189323 0.485185 0.005729 0.009259
2 0.488802 0.422222 0.004687 0.007407
2 0.372135 0.413889 0.004687 0.007407
2 0.311979 0.424537 0.003125 0.004630
2 0.246875 0.437500 0.003125 0.004630