4 0.759635 0.600000 0.017188 0.027778
0 0.552604 0.562500 0.015625 0.025000
1 0.534635 0.509259 0.015104 0.024074
4 0.535156 0.477315 0.015104 0.021296
4 0.488542 0.525000 0.015625 0.025926
4 0.427083 0.626852 0.018750 0.029630
4 0.345573 0.520833 0.015104 0.025000
4 0.319010 0.442130 0.013021 0.019444
2 0.621354 0.767130 0.007292 0.012037
2 0.712500 0.724537 0.007292 0.012037
2 0.794271 0.685648 0.007292 0.012037
2 0.786719 0.582407 0.004687 0.007407
2 0.720573 0.542593 0.004687 0.007407
2 0.663281 0.506481 0.004687 0.007407
2 0.407552 0.730556 0.007812 0.012963
2 0.357031 0.669444 0.007812 0.012963
2 0.314844 0.614815 0.007812 0.012963
2 0.247396 0.531944 0.005208 0.008333
2 0.220833 0.495833 0.005208 0.008333
2 0.195833 0.466204 0.005208 0.008333
2 0.567448 0.448148 0.003646 0.005556
2 0.527344 0.423148 0.003646 0.005556
2 0.491406 0.401852 0.003646 0.005556
2 0.379167 0.390741 0.003125 0.005556
2 0.319792 0.401852 0.003125 0.005556
2 0.255729 0.414815 0.003125 0.005556