3 0.497135 0.674074 0.018229 0.029630
3 0.525781 0.625000 0.016146 0.027778
4 0.521875 0.591204 0.015625 0.026852
0 0.541406 0.604630 0.016146 0.025926
3 0.560417 0.572222 0.014583 0.024074
3 0.566667 0.589352 0.015625 0.025000
4 0.666406 0.638426 0.017188 0.028704
3 0.677083 0.616667 0.016667 0.025926
4 0.671094 0.591204 0.016146 0.026852
3 0.627344 0.575463 0.015104 0.025000
4 0.563281 0.469444 0.013021 0.020370
4 0.505990 0.433796 0.011979 0.019444
4 0.435156 0.509722 0.014063 0.023148
4 0.381250 0.523148 0.013542 0.024074
3 0.314323 0.510648 0.014063 0.023148
1 0.288021 0.480556 0.013542 0.022222
2 0.617969 0.742593 0.005729 0.009259
2 0.699219 0.700926 0.005729 0.009259
2 0.771094 0.663889 0.005729 0.009259
2 0.762240 0.566667 0.004687 0.007407
2 0.700260 0.528704 0.004687 0.007407
2 0.647656 0.496296 0.004687 0.007407
2 0.558594 0.440278 0.003646 0.006481
2 0.520052 0.417130 0.003646 0.006481
2 0.486198 0.395833 0.003646 0.006481
2 0.422656 0.711111 0.004687 0.007407
2 0.374740 0.651852 0.004687 0.007407
2 0.333594 0.602778 0.004687 0.007407
2 0.267448 0.523148 0.003646 0.005556
2 0.239844 0.489815 0.003646 0.005556
2 0.216406 0.461111 0.003646 0.005556
2 0.269531 0.410185 0.003646 0.005556
2 0.327865 0.397222 0.003646 0.005556
2 0.382031 0.386111 0.003646 0.005556