3 0.678125 0.797222 0.023958 0.038889
4 0.754167 0.807407 0.023958 0.038889
4 0.729688 0.757407 0.022917 0.037037
3 0.707292 0.741204 0.022917 0.036111
0 0.702083 0.693056 0.021875 0.034259
4 0.768229 0.680093 0.020833 0.034259
4 0.721354 0.644444 0.019792 0.031481
3 0.527865 0.745370 0.022396 0.037037
3 0.623698 0.554167 0.017188 0.028704
4 0.525521 0.506944 0.015625 0.025000
1 0.501563 0.445833 0.014583 0.023148
4 0.380729 0.489815 0.015625 0.025926
3 0.341927 0.468519 0.015104 0.024074
3 0.239063 0.515741 0.016667 0.025926
2 0.799479 0.859259 0.008333 0.012963
2 0.892188 0.806481 0.008333 0.012963
2 0.975000 0.759259 0.008333 0.012963
2 0.937500 0.639815 0.008333 0.012963
2 0.850000 0.596296 0.007292 0.011111
2 0.773438 0.555556 0.007292 0.011111
2 0.643750 0.489815 0.007292 0.011111
2 0.588542 0.462037 0.007292 0.011111
2 0.538542 0.436111 0.007292 0.011111
2 0.540104 0.827315 0.009375 0.015741
2 0.459375 0.756944 0.009375 0.015741
2 0.393229 0.695833 0.009375 0.015741
2 0.284896 0.599537 0.009375 0.015741
2 0.240104 0.558796 0.009375 0.015741
2 0.201563 0.522685 0.006250 0.010185
2 0.257031 0.458796 0.003646 0.006481
2 0.330990 0.442130 0.003646 0.006481
2 0.399740 0.426389 0.003646 0.006481