3 0.571354 0.717593 0.019792 0.031481
4 0.613802 0.683333 0.019271 0.031481
4 0.634635 0.722685 0.020313 0.032407
3 0.595313 0.671296 0.018750 0.029630
0 0.590104 0.631944 0.017708 0.028704
4 0.644010 0.619444 0.017188 0.027778
4 0.605208 0.591667 0.015625 0.025926
3 0.427604 0.682407 0.018750 0.027778
3 0.523177 0.520833 0.014063 0.023148
4 0.441146 0.483796 0.013542 0.021296
1 0.419531 0.434722 0.011979 0.019444
4 0.318229 0.474074 0.013542 0.022222
3 0.284635 0.457407 0.013021 0.020370
3 0.197396 0.499537 0.014583 0.023148
2 0.672135 0.763426 0.007812 0.012037
2 0.746094 0.716204 0.007812 0.012037
2 0.811719 0.675463 0.007812 0.012037
2 0.779948 0.581019 0.007812 0.012037
2 0.709115 0.548611 0.007812 0.012037
2 0.646094 0.518056 0.007812 0.012037
2 0.457813 0.748611 0.007292 0.012037
2 0.390625 0.692130 0.007292 0.012037
2 0.332813 0.645833 0.007292 0.012037
2 0.238542 0.568056 0.007292 0.012037
2 0.198958 0.535648 0.007292 0.012037
2 0.164062 0.506944 0.004167 0.006481
2 0.211979 0.451389 0.004167 0.006481
2 0.275000 0.435648 0.004167 0.006481
2 0.332813 0.419907 0.004167 0.006481
2 0.538542 0.467130 0.005208 0.008333
2 0.491667 0.444907 0.005208 0.008333
2 0.450000 0.426389 0.005208 0.008333