0 0.377865 0.606481 0.011979 0.016667
3 0.410677 0.587037 0.011979 0.018519
3 0.415885 0.561574 0.010937 0.017593
1 0.464323 0.567593 0.010937 0.018519
3 0.486458 0.549537 0.010417 0.017593
3 0.528385 0.558796 0.010937 0.017593
3 0.534375 0.495370 0.008333 0.014815
3 0.487240 0.510185 0.008854 0.014815
3 0.400000 0.515741 0.009375 0.014815
2 0.568490 0.618519 0.003646 0.005556
2 0.496615 0.619444 0.003646 0.005556
2 0.424219 0.620370 0.003646 0.005556
2 0.648698 0.588889 0.003646 0.005556
2 0.640885 0.568519 0.003646 0.005556
2 0.634115 0.550000 0.003646 0.005556
2 0.622135 0.519444 0.002604 0.003704
2 0.616927 0.505556 0.002604 0.003704
2 0.612240 0.493519 0.002604 0.003704
2 0.345833 0.591204 0.003125 0.004630
2 0.353646 0.569907 0.003125 0.004630
2 0.360938 0.552315 0.003125 0.004630
2 0.373958 0.520833 0.003125 0.004630
2 0.380208 0.506944 0.003125 0.004630
2 0.385417 0.494907 0.003125 0.004630
2 0.451042 0.479630 0.002083 0.003704
2 0.498958 0.479630 0.002083 0.003704