4 0.820573 0.769907 0.016146 0.026852
4 0.798698 0.656944 0.016146 0.026852
3 0.773958 0.488426 0.015625 0.026852
4 0.754687 0.402778 0.015625 0.025926
3 0.688542 0.287963 0.014583 0.025926
3 0.454427 0.376389 0.015104 0.026852
3 0.199740 0.675926 0.016146 0.027778
0 0.228646 0.600926 0.015625 0.025926
1 0.239323 0.412037 0.016146 0.027778
3 0.216146 0.396759 0.015625 0.025000
4 0.172917 0.401852 0.015625 0.027778
2 0.139063 0.657407 0.007292 0.012963
2 0.138021 0.506481 0.007292 0.012963
2 0.138021 0.355556 0.007292 0.012963
2 0.246875 0.161111 0.007292 0.012963
2 0.331771 0.161111 0.007292 0.012963
2 0.417187 0.160185 0.007292 0.012963
2 0.587500 0.160185 0.007292 0.012963
2 0.672396 0.160185 0.007292 0.012963
2 0.757812 0.161111 0.007292 0.012963
2 0.866146 0.354630 0.007292 0.012963
2 0.865625 0.507407 0.007292 0.012963
2 0.865104 0.657407 0.007292 0.012963
2 0.755729 0.849074 0.007292 0.012963
2 0.671875 0.850000 0.007292 0.012963
2 0.586458 0.850000 0.007292 0.012963
2 0.418229 0.850926 0.007292 0.012963
2 0.332292 0.849074 0.007292 0.012963
2 0.247917 0.850000 0.007292 0.012963
3 0.603841 0.487847 0.018099 0.031250