4 0.406815 0.314836 0.016607 0.026814
1 0.474824 0.394245 0.016911 0.027538
4 0.381815 0.581395 0.016607 0.028505
4 0.484118 0.569948 0.015854 0.025610
3 0.514182 0.705186 0.016458 0.025610
4 0.669315 0.730424 0.016607 0.025610
3 0.830101 0.644588 0.016155 0.025367
4 0.741339 0.559705 0.016607 0.025124
4 0.830488 0.537452 0.018119 0.026333
0 0.707189 0.477936 0.016759 0.027300
3 0.748554 0.343174 0.016155 0.027300
4 0.793122 0.350424 0.016006 0.025610
2 0.137680 0.353521 0.004527 0.007995
2 0.137491 0.490788 0.004149 0.006338
2 0.137728 0.628557 0.004622 0.006638
2 0.247298 0.803645 0.004714 0.006338
2 0.333655 0.803145 0.004810 0.007243
2 0.419729 0.802193 0.004339 0.007243
2 0.591564 0.801014 0.003961 0.006790
2 0.678015 0.800590 0.004244 0.007848
2 0.763667 0.799736 0.004714 0.007090
2 0.872908 0.622669 0.004149 0.007243
2 0.872141 0.485352 0.004997 0.007848
2 0.871013 0.347681 0.004527 0.006790
2 0.761003 0.173924 0.004149 0.007848
2 0.675289 0.174248 0.004149 0.007543
2 0.589811 0.174498 0.004622 0.007090
2 0.419180 0.175776 0.004432 0.006790
2 0.333749 0.176555 0.004997 0.007395
2 0.247751 0.176979 0.004432 0.006338