3 0.367188 0.621296 0.019792 0.031481
0 0.464844 0.649537 0.020313 0.032407
3 0.517969 0.573148 0.018229 0.029630
4 0.585938 0.671759 0.020833 0.034259
4 0.584896 0.744444 0.022917 0.037037
4 0.801302 0.755556 0.023438 0.038889
3 0.723177 0.572222 0.018229 0.029630
1 0.641146 0.589352 0.018750 0.030556
4 0.638281 0.495370 0.016146 0.025926
3 0.619271 0.481019 0.015625 0.025000
4 0.508594 0.507407 0.016146 0.027778
3 0.478385 0.508796 0.016146 0.026852
3 0.453385 0.521296 0.017188 0.027778
4 0.453906 0.489815 0.016146 0.025926
3 0.329427 0.461574 0.015104 0.025000
4 0.308073 0.474537 0.016146 0.025000
2 0.694271 0.862500 0.006250 0.010185
2 0.808333 0.814352 0.006250 0.010185
2 0.910417 0.773611 0.006250 0.010185
2 0.908854 0.643981 0.007292 0.012037
2 0.830729 0.590278 0.007292 0.012037
2 0.763021 0.544907 0.007292 0.012037
2 0.443750 0.802778 0.010417 0.016667
2 0.388542 0.725000 0.010417 0.016667
2 0.343490 0.659722 0.007812 0.012037
2 0.271615 0.556019 0.007812 0.012037
2 0.241927 0.513426 0.007812 0.012037
2 0.216406 0.476852 0.004687 0.007407
2 0.288281 0.417593 0.004687 0.007407
2 0.362760 0.404630 0.004687 0.007407
2 0.432031 0.390741 0.004687 0.007407
2 0.652344 0.469444 0.004687 0.007407
2 0.605469 0.437037 0.004687 0.007407
2 0.563802 0.408333 0.004687 0.007407