4 0.703385 0.703241 0.019271 0.032407
4 0.524740 0.700926 0.019271 0.031481
4 0.523958 0.638889 0.017708 0.029630
3 0.481510 0.566667 0.015104 0.025926
4 0.562500 0.487963 0.013542 0.022222
3 0.546094 0.475463 0.013021 0.021296
3 0.499479 0.492593 0.013542 0.022222
4 0.454167 0.501389 0.014583 0.023148
3 0.408073 0.513426 0.014063 0.023148
0 0.422135 0.623148 0.017188 0.027778
3 0.338542 0.601852 0.016667 0.027778
3 0.429427 0.502778 0.014063 0.022222
4 0.407292 0.487500 0.013542 0.021296
4 0.283073 0.477778 0.014063 0.022222
3 0.301563 0.466204 0.013542 0.021296
1 0.322135 0.448611 0.011979 0.021296
2 0.619010 0.793981 0.007812 0.012037
2 0.710677 0.752778 0.004687 0.007407
2 0.792708 0.713426 0.005208 0.008333
2 0.787760 0.605556 0.005729 0.009259
2 0.723177 0.563889 0.005729 0.009259
2 0.666406 0.526852 0.005729 0.009259
2 0.408594 0.755556 0.005729 0.009259
2 0.360677 0.690741 0.005729 0.009259
2 0.319531 0.635185 0.005729 0.009259
2 0.254948 0.548148 0.004687 0.007407
2 0.227865 0.512963 0.004687 0.007407
2 0.204427 0.481481 0.004687 0.007407
2 0.264844 0.428241 0.003646 0.006481
2 0.327865 0.415278 0.003646 0.006481
2 0.386719 0.403241 0.003646 0.006481
2 0.573438 0.464815 0.004167 0.007407
2 0.533333 0.439815 0.004167 0.007407
2 0.497917 0.415741 0.004167 0.007407