1 0.412240 0.575926 0.017188 0.029630
0 0.600781 0.618519 0.019271 0.031481
4 0.637760 0.499537 0.015104 0.025000
4 0.574219 0.502315 0.015104 0.025000
4 0.484375 0.417130 0.012500 0.021296
4 0.441406 0.416204 0.013021 0.021296
4 0.332813 0.468981 0.014583 0.023148
2 0.668229 0.777778 0.007292 0.011111
2 0.771875 0.736111 0.007292 0.011111
2 0.863542 0.700926 0.007292 0.011111
2 0.856250 0.593981 0.006250 0.010185
2 0.783854 0.551389 0.006250 0.010185
2 0.720833 0.514352 0.006250 0.010185
2 0.435937 0.732407 0.007292 0.011111
2 0.383333 0.668519 0.007292 0.011111
2 0.340104 0.612963 0.007292 0.011111
2 0.271094 0.527778 0.005729 0.009259
2 0.244010 0.494444 0.005729 0.009259
2 0.220052 0.463889 0.004687 0.009259
2 0.285417 0.414352 0.004167 0.006481
2 0.353646 0.403241 0.004167 0.006481
2 0.416667 0.393056 0.004167 0.006481
2 0.618229 0.454167 0.004167 0.006481
2 0.575000 0.429167 0.004167 0.006481
2 0.536458 0.406019 0.004167 0.006481