3 0.471875 0.700000 0.020833 0.035185
3 0.524479 0.602315 0.017708 0.028704
3 0.535677 0.629167 0.018229 0.030556
0 0.622917 0.685185 0.020833 0.033333
3 0.678125 0.699074 0.020833 0.033333
4 0.654427 0.545833 0.016146 0.026852
4 0.586719 0.551389 0.016146 0.026852
1 0.514323 0.468056 0.014063 0.023148
4 0.484896 0.451389 0.013542 0.023148
4 0.438542 0.452315 0.013542 0.023148
3 0.423698 0.469444 0.014063 0.024074
4 0.325521 0.515278 0.015625 0.025000
2 0.705729 0.866667 0.006250 0.009259
2 0.810417 0.817593 0.006250 0.009259
2 0.904687 0.775926 0.006250 0.009259
2 0.891146 0.654630 0.006250 0.009259
2 0.812760 0.605556 0.004687 0.007407
2 0.744010 0.563889 0.004687 0.007407
2 0.630469 0.494444 0.004687 0.007407
2 0.455469 0.819444 0.005729 0.009259
2 0.395052 0.745370 0.005729 0.009259
2 0.345052 0.684259 0.005729 0.009259
2 0.265365 0.586111 0.004687 0.007407
2 0.232552 0.545370 0.004687 0.007407
2 0.203906 0.511111 0.004687 0.007407
2 0.270313 0.451389 0.004167 0.006481
2 0.342187 0.438426 0.004167 0.006481
2 0.409896 0.424537 0.004167 0.006481
2 0.582812 0.465278 0.003125 0.004630
2 0.540625 0.439352 0.004167 0.006481