3 0.572656 0.585185 0.013021 0.012963
4 0.585156 0.588889 0.011979 0.011111
4 0.572656 0.593519 0.013021 0.012963
3 0.597135 0.593519 0.014063 0.012963
0 0.585677 0.597222 0.013021 0.011111
3 0.572917 0.601852 0.012500 0.012963
4 0.610156 0.598148 0.013021 0.012963
3 0.598177 0.601389 0.011979 0.012037
3 0.586458 0.605093 0.012500 0.012037
4 0.574219 0.610648 0.013021 0.015741
3 0.623177 0.607870 0.013021 0.023148
4 0.611198 0.612500 0.014063 0.023148
3 0.599219 0.616204 0.014063 0.023148
4 0.587500 0.619907 0.013542 0.023148
4 0.575000 0.624074 0.014583 0.024074
1 0.417708 0.475000 0.011458 0.016667
2 0.610417 0.724537 0.006250 0.010185
2 0.686979 0.693056 0.006250 0.010185
2 0.755729 0.665278 0.006250 0.010185
2 0.758333 0.579167 0.006250 0.010185
2 0.707812 0.544907 0.006250 0.010185
2 0.664062 0.513889 0.004167 0.007407
2 0.592187 0.462963 0.004167 0.007407
2 0.561458 0.442593 0.004167 0.007407
2 0.533854 0.424074 0.004167 0.007407
2 0.447917 0.412037 0.002083 0.003704
2 0.445833 0.683796 0.006250 0.010185
2 0.411458 0.632870 0.006250 0.010185
2 0.382812 0.589352 0.006250 0.010185
2 0.337500 0.519907 0.006250 0.010185
2 0.319792 0.493056 0.006250 0.010185
2 0.303125 0.468056 0.004167 0.006481
2 0.351562 0.429167 0.004167 0.006481
2 0.401042 0.419907 0.004167 0.006481