3 0.726302 0.673148 0.017188 0.025926
4 0.627344 0.596296 0.015104 0.025926
4 0.550781 0.603241 0.015104 0.025000
4 0.528125 0.613426 0.015625 0.026852
4 0.503125 0.695833 0.017708 0.030556
0 0.422656 0.660185 0.017188 0.027778
4 0.249219 0.550000 0.015104 0.024074
3 0.279948 0.600000 0.015104 0.020370
4 0.279167 0.557870 0.014583 0.023148
1 0.300260 0.506019 0.013021 0.021296
3 0.327344 0.541667 0.014063 0.022222
3 0.420833 0.537963 0.013542 0.022222
3 0.482552 0.550463 0.014063 0.023148
3 0.466406 0.477315 0.011979 0.019444
3 0.430990 0.471759 0.011979 0.019444
4 0.407292 0.437500 0.011458 0.017593
2 0.571875 0.787037 0.007292 0.011111
2 0.656250 0.743519 0.007292 0.011111
2 0.732812 0.704630 0.007292 0.011111
2 0.723958 0.604630 0.007292 0.011111
2 0.665104 0.564815 0.007292 0.011111
2 0.611979 0.531481 0.007292 0.011111
2 0.522396 0.478704 0.007292 0.011111
2 0.484896 0.454630 0.007292 0.011111
2 0.449479 0.431481 0.007292 0.011111
2 0.372917 0.757407 0.007292 0.011111
2 0.325000 0.696296 0.007292 0.011111
2 0.283854 0.645370 0.007292 0.011111
2 0.219792 0.563889 0.007292 0.011111
2 0.193229 0.529630 0.007292 0.011111
2 0.169792 0.500000 0.007292 0.011111
2 0.227083 0.448148 0.007292 0.011111
2 0.289062 0.433333 0.007292 0.011111
2 0.344271 0.422222 0.007292 0.011111