4 0.815885 0.605093 0.018229 0.023148
1 0.719010 0.583796 0.017188 0.026852
3 0.479948 0.582407 0.017188 0.025926
3 0.539583 0.548611 0.015625 0.025000
0 0.585156 0.592593 0.017188 0.027778
3 0.645052 0.555556 0.016146 0.025926
3 0.601302 0.499074 0.014063 0.022222
3 0.559896 0.464815 0.013542 0.020370
3 0.418229 0.407407 0.011458 0.018519
2 0.635156 0.717130 0.007812 0.012037
2 0.720052 0.677315 0.007812 0.012037
2 0.794010 0.644907 0.007812 0.012037
2 0.779948 0.555556 0.005729 0.009259
2 0.714844 0.520370 0.005729 0.009259
2 0.658073 0.490741 0.005729 0.009259
2 0.563281 0.441667 0.005729 0.009259
2 0.523177 0.421296 0.005729 0.009259
2 0.487760 0.402778 0.005729 0.009259
2 0.426563 0.687500 0.007292 0.012037
2 0.375000 0.632870 0.007292 0.012037
2 0.331250 0.587500 0.007292 0.012037
2 0.261458 0.516204 0.007292 0.012037
2 0.233333 0.485648 0.007292 0.012037
2 0.207813 0.460648 0.007292 0.012037
2 0.263802 0.415278 0.003646 0.006481
2 0.324219 0.405093 0.003646 0.006481
2 0.380469 0.393981 0.003646 0.006481