4 0.653385 0.809722 0.023438 0.037963
4 0.721615 0.600926 0.018229 0.029630
3 0.639062 0.548611 0.016667 0.025000
3 0.640625 0.573148 0.016667 0.027778
4 0.641406 0.686574 0.020313 0.032407
3 0.617448 0.718056 0.020313 0.034259
3 0.566406 0.815741 0.023438 0.037037
3 0.496094 0.710185 0.020313 0.035185
4 0.475781 0.480093 0.015104 0.025000
3 0.544271 0.524537 0.015625 0.025000
1 0.496875 0.554630 0.016667 0.027778
0 0.436458 0.616667 0.018750 0.029630
4 0.302083 0.620833 0.018750 0.030556
3 0.311719 0.464352 0.014063 0.023148
2 0.683594 0.849074 0.006771 0.011111
2 0.778385 0.797222 0.006771 0.011111
2 0.862760 0.750926 0.006771 0.011111
2 0.839844 0.633333 0.004687 0.007407
2 0.761198 0.588889 0.004687 0.007407
2 0.691927 0.550000 0.004687 0.007407
2 0.438281 0.816667 0.005729 0.009259
2 0.371615 0.747222 0.005729 0.009259
2 0.314323 0.687037 0.005729 0.009259
2 0.222396 0.591204 0.005208 0.008333
2 0.184375 0.550463 0.005208 0.008333
2 0.151042 0.515278 0.005208 0.008333
2 0.212760 0.452778 0.005729 0.009259
2 0.285156 0.436111 0.005729 0.009259
2 0.351823 0.420370 0.005729 0.009259
2 0.576562 0.485185 0.004167 0.007407
2 0.526563 0.456481 0.004167 0.007407
2 0.482292 0.432407 0.004167 0.007407