3 0.610417 0.491667 0.014583 0.020370
4 0.679427 0.531481 0.015104 0.024074
3 0.612240 0.510648 0.014063 0.023148
4 0.614323 0.596296 0.017188 0.027778
4 0.626042 0.690741 0.019792 0.033333
3 0.595052 0.619907 0.018229 0.028704
3 0.553125 0.695833 0.019792 0.032407
3 0.531510 0.473611 0.013021 0.021296
4 0.474479 0.440741 0.012500 0.020370
4 0.397396 0.408796 0.011458 0.017593
3 0.489844 0.613426 0.017188 0.028704
0 0.442969 0.543056 0.015104 0.025000
4 0.330729 0.548148 0.015625 0.025926
3 0.337240 0.428704 0.011979 0.018519
1 0.317969 0.499537 0.014063 0.023148
2 0.651823 0.720370 0.005729 0.009259
2 0.729948 0.678704 0.005729 0.009259
2 0.799740 0.645370 0.005729 0.009259
2 0.778385 0.554167 0.007812 0.012037
2 0.712240 0.519907 0.007812 0.012037
2 0.654948 0.492130 0.007812 0.012037
2 0.558073 0.442130 0.007812 0.012037
2 0.516406 0.423611 0.007812 0.012037
2 0.479948 0.405093 0.007812 0.012037
2 0.445312 0.694444 0.009375 0.014815
2 0.389062 0.643519 0.009375 0.014815
2 0.340625 0.598148 0.009375 0.014815
2 0.264583 0.525926 0.009375 0.014815
2 0.232292 0.496296 0.009375 0.014815
2 0.205208 0.468519 0.009375 0.014815
2 0.255469 0.421296 0.003646 0.005556
2 0.315365 0.408333 0.003646 0.005556
2 0.371094 0.396296 0.003646 0.005556