4 0.780990 0.541204 0.017188 0.026852
3 0.747396 0.555556 0.016667 0.027778
3 0.687500 0.541204 0.016667 0.026852
0 0.681771 0.493056 0.015625 0.025000
3 0.492448 0.648611 0.018229 0.030556
4 0.651042 0.461574 0.014583 0.023148
4 0.607031 0.431019 0.014063 0.023148
4 0.559896 0.500926 0.015625 0.025926
3 0.487500 0.470833 0.014583 0.023148
1 0.516667 0.354630 0.012500 0.020370
3 0.499219 0.351852 0.011979 0.020370
3 0.451302 0.298611 0.010937 0.019444
3 0.395313 0.318981 0.011458 0.019444
4 0.366146 0.321759 0.011458 0.019444
4 0.389062 0.417593 0.013542 0.022222
4 0.363542 0.511111 0.016667 0.025926
2 0.641927 0.714815 0.007812 0.012963
2 0.724740 0.669444 0.007812 0.012963
2 0.800781 0.629630 0.007812 0.012963
2 0.445052 0.677778 0.007812 0.012963
2 0.794010 0.513889 0.007812 0.012963
2 0.731771 0.468981 0.005208 0.008333
2 0.676302 0.429630 0.004687 0.007407
2 0.395833 0.611574 0.012500 0.019444
2 0.352604 0.555093 0.012500 0.019444
2 0.281250 0.459722 0.012500 0.019444
2 0.252344 0.420833 0.009896 0.015741
2 0.225260 0.386574 0.009896 0.015741
2 0.278906 0.324537 0.009896 0.015741
2 0.339323 0.308796 0.009896 0.015741
2 0.396094 0.293981 0.009896 0.015741
2 0.507031 0.306944 0.009896 0.015741
2 0.543490 0.334722 0.009896 0.015741
2 0.584115 0.361574 0.009896 0.015741