4 0.608594 0.436111 0.013021 0.020370
4 0.701562 0.510648 0.014583 0.023148
4 0.678906 0.576852 0.016146 0.025926
0 0.635938 0.549537 0.015625 0.025000
4 0.605990 0.572685 0.016146 0.026852
4 0.545833 0.560185 0.015625 0.025926
1 0.500260 0.443519 0.013021 0.020370
3 0.498698 0.497685 0.014063 0.023148
4 0.459635 0.453704 0.013021 0.022222
3 0.359635 0.505556 0.014063 0.024074
3 0.358854 0.467130 0.013542 0.021296
3 0.440885 0.415741 0.011979 0.020370
3 0.380469 0.383333 0.010937 0.014815
3 0.382552 0.394444 0.010937 0.018519
2 0.689063 0.697685 0.011458 0.017593
2 0.759375 0.655093 0.011458 0.017593
2 0.823958 0.618981 0.011458 0.017593
2 0.800260 0.520833 0.010937 0.017593
2 0.735938 0.486574 0.011458 0.017593
2 0.679688 0.455093 0.011458 0.017593
2 0.495833 0.676389 0.011458 0.017593
2 0.437500 0.618981 0.011458 0.017593
2 0.389062 0.571759 0.011458 0.017593
2 0.308854 0.493056 0.005208 0.008333
2 0.275000 0.459722 0.005208 0.008333
2 0.245312 0.431944 0.005208 0.008333
2 0.289583 0.379167 0.005208 0.008333
2 0.346354 0.364352 0.005208 0.008333
2 0.583333 0.403241 0.005208 0.008333
2 0.542188 0.380093 0.005208 0.008333
2 0.504687 0.358796 0.005208 0.008333
2 0.398438 0.351389 0.005208 0.008333