4 0.571875 0.756944 0.023958 0.039815
4 0.517188 0.697685 0.021875 0.036111
1 0.686719 0.603704 0.018229 0.029630
4 0.440104 0.427315 0.013542 0.021296
2 0.351562 0.766667 0.010417 0.016667
2 0.305208 0.700926 0.010417 0.016667
2 0.265104 0.645370 0.010417 0.016667
2 0.204687 0.559259 0.010417 0.016667
2 0.180729 0.525926 0.010417 0.016667
2 0.593229 0.814815 0.010417 0.016667
2 0.708073 0.772222 0.011979 0.018519
2 0.810677 0.736111 0.011979 0.018519
2 0.816406 0.626852 0.011979 0.018519
2 0.743490 0.584259 0.011979 0.018519
2 0.681510 0.545370 0.011979 0.018519
2 0.580208 0.482870 0.005208 0.008333
2 0.537760 0.457870 0.002604 0.004630
2 0.499740 0.434722 0.002604 0.004630
2 0.375260 0.421759 0.002604 0.004630
2 0.306771 0.431944 0.004167 0.006481
2 0.234375 0.443056 0.004167 0.006481
2 0.159375 0.493056 0.004167 0.006481