4 0.771875 0.679167 0.019792 0.032407
3 0.724740 0.714815 0.020313 0.031481
4 0.667708 0.681019 0.019792 0.032407
3 0.642708 0.694907 0.019792 0.032407
4 0.645312 0.644444 0.018750 0.029630
0 0.629427 0.618056 0.017188 0.028704
3 0.584896 0.707870 0.019792 0.032407
4 0.537500 0.703241 0.019792 0.032407
3 0.574479 0.592593 0.016667 0.027778
4 0.550000 0.597685 0.017708 0.026852
4 0.415625 0.697222 0.019792 0.033333
3 0.397396 0.662037 0.018750 0.031481
3 0.403385 0.618981 0.018229 0.028704
1 0.483073 0.525926 0.015104 0.024074
3 0.441146 0.496759 0.013542 0.023148
4 0.437760 0.445370 0.013021 0.020370
2 0.399740 0.769444 0.005729 0.009259
2 0.622135 0.805556 0.005729 0.009259
2 0.715885 0.761111 0.005729 0.009259
2 0.346615 0.703704 0.005729 0.009259
2 0.301302 0.649074 0.005729 0.009259
2 0.661719 0.530556 0.005729 0.009259
2 0.721094 0.566667 0.005729 0.009259
2 0.799219 0.717593 0.005729 0.009259
2 0.789583 0.609259 0.004167 0.007407
2 0.228646 0.559259 0.004167 0.007407
2 0.198958 0.523611 0.003125 0.004630
2 0.173437 0.490278 0.003125 0.004630
2 0.234896 0.436574 0.003125 0.004630
2 0.301563 0.421759 0.003125 0.004630
2 0.363021 0.409722 0.003125 0.004630
2 0.561458 0.469907 0.003125 0.004630
2 0.480729 0.420370 0.003125 0.005556
2 0.518750 0.444444 0.003125 0.005556