3 0.514323 0.616667 0.016146 0.016667
4 0.529167 0.618981 0.014583 0.017593
4 0.515625 0.625463 0.015625 0.019444
3 0.545052 0.622222 0.015104 0.014815
0 0.531510 0.627778 0.014063 0.014815
3 0.519010 0.636111 0.016146 0.020370
3 0.560677 0.625463 0.015104 0.013889
4 0.548177 0.631019 0.017188 0.015741
3 0.535417 0.638426 0.015625 0.017593
4 0.521094 0.646296 0.017188 0.022222
4 0.576042 0.636574 0.015625 0.026852
3 0.563802 0.641667 0.015104 0.027778
4 0.551042 0.647222 0.016667 0.027778
3 0.538542 0.654167 0.015625 0.028704
4 0.524219 0.659259 0.017188 0.029630
1 0.412240 0.444907 0.011979 0.019444
2 0.588281 0.765741 0.004687 0.007407
2 0.667969 0.722222 0.004687 0.007407
2 0.737760 0.683333 0.004687 0.007407
2 0.721094 0.589815 0.004687 0.007407
2 0.658073 0.554630 0.004687 0.007407
2 0.384115 0.744444 0.004687 0.007407
2 0.329948 0.688889 0.004687 0.007407
2 0.284115 0.642593 0.004687 0.007407
2 0.208594 0.565741 0.004687 0.007407
2 0.178385 0.534259 0.004687 0.007407
2 0.602344 0.526852 0.004687 0.007407
2 0.508073 0.476852 0.004687 0.007407
2 0.467969 0.454630 0.004687 0.007407
2 0.431510 0.435185 0.004687 0.007407
2 0.323177 0.427778 0.004687 0.007407
2 0.266406 0.441667 0.004687 0.007407
2 0.205469 0.454630 0.004687 0.007407
2 0.151302 0.506481 0.004687 0.007407