1 0.594010 0.351852 0.017188 0.029630
0 0.408594 0.662500 0.021354 0.039815
4 0.418229 0.674074 0.022917 0.040741
2 0.383594 0.767130 0.008854 0.015741
2 0.494010 0.767130 0.008854 0.015741
2 0.605469 0.764352 0.008854 0.015741
2 0.723177 0.672685 0.009896 0.017593
2 0.710677 0.610648 0.009896 0.017593
2 0.699219 0.551389 0.009896 0.017593
2 0.681510 0.453241 0.009896 0.017593
2 0.673177 0.409722 0.009896 0.017593
2 0.666927 0.369907 0.009896 0.017593
2 0.264062 0.676852 0.010417 0.018519
2 0.278646 0.610185 0.010417 0.018519
2 0.290104 0.555556 0.010417 0.018519
2 0.310937 0.456481 0.010417 0.018519
2 0.318750 0.411111 0.010417 0.018519
2 0.327083 0.374074 0.010417 0.018519
2 0.568750 0.325926 0.004167 0.007407
2 0.496354 0.326852 0.004167 0.007407
2 0.424479 0.327778 0.004167 0.007407