3 0.276153 0.527202 0.015402 0.024881
3 0.415158 0.648183 0.017815 0.028748
3 0.567299 0.526257 0.015551 0.025848
1 0.441943 0.555555 0.017815 0.027300
0 0.621781 0.645219 0.017967 0.030438
3 0.726615 0.566400 0.017515 0.028990
3 0.549552 0.756676 0.020533 0.034305
4 0.739878 0.711660 0.020232 0.031890
2 0.690016 0.773017 0.006223 0.006033
2 0.769964 0.729231 0.004810 0.005129
2 0.843259 0.689933 0.005565 0.005581
2 0.832199 0.593790 0.005470 0.003771
2 0.766161 0.558260 0.005536 0.005090
2 0.706134 0.526783 0.005125 0.004995
2 0.602415 0.471833 0.004830 0.004619
2 0.556882 0.447405 0.004241 0.004333
2 0.514948 0.425455 0.004301 0.004243
2 0.393430 0.421214 0.004122 0.004333
2 0.332982 0.439598 0.004655 0.003957
2 0.269265 0.458552 0.004006 0.003771
2 0.221345 0.519400 0.004595 0.005467
2 0.255810 0.549545 0.004476 0.004805
2 0.293280 0.582738 0.004417 0.004524
2 0.380597 0.660064 0.005241 0.005843
2 0.432530 0.705207 0.005536 0.005652
2 0.491125 0.757255 0.006655 0.005938