1 0.456378 0.560850 0.015732 0.025510
3 0.585693 0.737619 0.014244 0.023810
3 0.782186 0.730069 0.016158 0.025852
3 0.651616 0.225919 0.015732 0.025171
2 0.486310 0.340000 0.015476 0.026667
3 0.486628 0.340374 0.015518 0.025510
3 0.288393 0.730136 0.014881 0.023129
0 0.695132 0.497176 0.014670 0.024829
4 0.831888 0.477040 0.016158 0.025510
2 0.763490 0.799343 0.003765 0.006305
2 0.677775 0.800083 0.003765 0.005881
2 0.591685 0.801050 0.004202 0.006862
2 0.419661 0.802550 0.004202 0.007005
2 0.333692 0.802814 0.004289 0.006581
2 0.247208 0.803698 0.003940 0.006443
2 0.137597 0.628529 0.003765 0.006581
2 0.137807 0.491107 0.003589 0.006024
2 0.137509 0.353221 0.003589 0.006443
2 0.247847 0.177367 0.004027 0.006162
2 0.333561 0.176624 0.004027 0.006581
2 0.419275 0.175533 0.004027 0.006305
2 0.589854 0.174510 0.004113 0.006162
2 0.675525 0.174314 0.004027 0.006724
2 0.760687 0.174105 0.004113 0.006305
2 0.871446 0.348052 0.004202 0.006581
2 0.872121 0.485462 0.003765 0.006162
2 0.872890 0.622886 0.004113 0.006724