3 0.622396 0.404630 0.017708 0.025926
4 0.622396 0.429630 0.018750 0.031481
4 0.430469 0.637037 0.022396 0.038889
3 0.413281 0.589352 0.021354 0.037963
0 0.409115 0.662037 0.022396 0.038889
4 0.390885 0.633796 0.022396 0.039815
4 0.415885 0.681019 0.023438 0.041667
1 0.364323 0.622222 0.022396 0.038889
2 0.384115 0.766204 0.008854 0.015741
2 0.494531 0.767130 0.008854 0.015741
2 0.605469 0.766204 0.008854 0.015741
2 0.724219 0.673611 0.013021 0.023148
2 0.710677 0.610648 0.013021 0.023148
2 0.700260 0.552315 0.013021 0.023148
2 0.681510 0.451389 0.010937 0.019444
2 0.673698 0.409722 0.010937 0.019444
2 0.666406 0.369907 0.010937 0.019444
2 0.264844 0.676389 0.009896 0.017593
2 0.277344 0.611574 0.009896 0.017593
2 0.289323 0.553241 0.009896 0.017593
2 0.310156 0.455093 0.009896 0.017593
2 0.318490 0.411574 0.009896 0.017593
2 0.327865 0.371759 0.009896 0.017593
2 0.424219 0.328241 0.004687 0.008333
2 0.496615 0.327315 0.004687 0.008333
2 0.568490 0.326389 0.004687 0.008333