3 0.621875 0.404630 0.017708 0.025926
4 0.622656 0.429630 0.018229 0.033333
3 0.590104 0.450463 0.018750 0.032407
4 0.638281 0.614352 0.022396 0.041667
4 0.418750 0.674537 0.022917 0.041667
0 0.408854 0.661574 0.020833 0.037963
1 0.332552 0.645370 0.023438 0.038889
2 0.383854 0.765741 0.007292 0.012963
2 0.494271 0.765741 0.007292 0.012963
2 0.605729 0.764815 0.007292 0.012963
2 0.264323 0.675463 0.010937 0.019444
2 0.278906 0.610648 0.010937 0.019444
2 0.289844 0.554167 0.010937 0.019444
2 0.309635 0.455093 0.010937 0.019444
2 0.319531 0.409722 0.010937 0.019444
2 0.327344 0.370833 0.010937 0.019444
2 0.722135 0.674537 0.009896 0.017593
2 0.710677 0.609722 0.009896 0.017593
2 0.700781 0.550463 0.009896 0.017593
2 0.681510 0.450463 0.009896 0.017593
2 0.673698 0.408796 0.009896 0.017593
2 0.666927 0.371759 0.009896 0.017593
2 0.424740 0.328241 0.004687 0.008333
2 0.496615 0.326389 0.004687 0.008333
2 0.568490 0.326389 0.004687 0.008333