3 0.617188 0.401389 0.017708 0.030556
1 0.498437 0.447222 0.018750 0.033333
3 0.484635 0.524537 0.020313 0.034259
0 0.408073 0.661574 0.021354 0.039815
4 0.418750 0.676852 0.022917 0.042593
2 0.384635 0.766204 0.008854 0.015741
2 0.495052 0.767130 0.008854 0.015741
2 0.604948 0.765278 0.008854 0.015741
2 0.265365 0.677315 0.009896 0.017593
2 0.278385 0.610648 0.009896 0.017593
2 0.289844 0.555093 0.009896 0.017593
2 0.723698 0.672685 0.010937 0.019444
2 0.711198 0.610648 0.010937 0.019444
2 0.700260 0.550463 0.010937 0.019444
2 0.681510 0.451389 0.010937 0.019444
2 0.673698 0.408796 0.008854 0.015741
2 0.666406 0.369907 0.008854 0.015741
2 0.309635 0.454167 0.008854 0.015741
2 0.319531 0.411574 0.008854 0.015741
2 0.327344 0.374537 0.008854 0.015741
2 0.424740 0.328241 0.005729 0.010185
2 0.496615 0.326389 0.005729 0.010185
2 0.569010 0.327315 0.005729 0.010185