4 0.598437 0.678241 0.025000 0.043519
3 0.519792 0.527778 0.022917 0.040741
3 0.605729 0.401852 0.020833 0.037037
4 0.577344 0.207870 0.019271 0.032407
0 0.439583 0.240278 0.018750 0.034259
1 0.363021 0.598148 0.023958 0.042593
4 0.363542 0.726852 0.025000 0.046296
4 0.252344 0.750000 0.025521 0.038889
2 0.190104 0.667593 0.007292 0.012963
2 0.205729 0.578704 0.007292 0.012963
2 0.219271 0.500000 0.007292 0.012963
2 0.243750 0.362037 0.007292 0.012963
2 0.254167 0.300926 0.007292 0.012963
2 0.264062 0.244444 0.007292 0.012963
2 0.404687 0.178704 0.007292 0.012963
2 0.506250 0.179630 0.007292 0.012963
2 0.607292 0.180556 0.007292 0.012963
2 0.747917 0.247222 0.007292 0.012963
2 0.757812 0.304630 0.007292 0.012963
2 0.768229 0.365741 0.007292 0.012963
2 0.790625 0.503704 0.007292 0.012963
2 0.803646 0.583333 0.007292 0.012963
2 0.817708 0.670370 0.007292 0.012963
2 0.650000 0.794444 0.007292 0.012963
2 0.502604 0.793519 0.007292 0.012963
2 0.355729 0.792593 0.007292 0.012963