3 0.235838 0.511805 0.018104 0.029324
3 0.272222 0.509186 0.019443 0.030752
3 0.350085 0.416029 0.015646 0.025390
3 0.439223 0.467221 0.018327 0.029681
4 0.344841 0.537998 0.019443 0.032186
1 0.358680 0.474840 0.018551 0.029681
3 0.476466 0.643357 0.022574 0.037190
3 0.507754 0.760324 0.025033 0.039695
3 0.574719 0.676333 0.025033 0.036476
4 0.618244 0.726098 0.022798 0.040767
4 0.553845 0.567700 0.020786 0.032543
4 0.753289 0.630381 0.023244 0.037905
4 0.719655 0.541688 0.019667 0.032900
0 0.694284 0.529010 0.020116 0.033257
4 0.480144 0.444364 0.017432 0.029681
2 0.328400 0.395443 0.004420 0.004219
2 0.253103 0.418712 0.004420 0.004090
2 0.173314 0.443950 0.004961 0.004090
2 0.117930 0.519500 0.005503 0.004714
2 0.165847 0.555110 0.005503 0.005457
2 0.218085 0.594571 0.005812 0.005333
2 0.338064 0.684571 0.005890 0.005333
2 0.408936 0.737219 0.005967 0.006819
2 0.487896 0.796186 0.006744 0.005705
2 0.738205 0.806412 0.007363 0.008062
2 0.832875 0.752271 0.006821 0.006448
2 0.919223 0.702914 0.006899 0.005829
2 0.897472 0.589024 0.005658 0.004714
2 0.812353 0.549540 0.005658 0.003843
2 0.734376 0.513186 0.005658 0.004467
2 0.599147 0.450543 0.005437 0.004895
2 0.539226 0.422650 0.004643 0.004348
2 0.483869 0.397005 0.004643 0.003533