2 0.419616 0.802129 0.004113 0.006162
2 0.333604 0.802886 0.004113 0.006724
2 0.247506 0.803767 0.003940 0.006581
2 0.137597 0.628600 0.003765 0.006724
2 0.137815 0.490700 0.004202 0.006162
2 0.137597 0.353838 0.003765 0.006724
2 0.247847 0.177438 0.004027 0.006305
2 0.333473 0.176414 0.003851 0.006162
2 0.419144 0.175602 0.003765 0.006443
2 0.589768 0.174719 0.003940 0.006581
2 0.675437 0.174369 0.003851 0.005881
2 0.761064 0.174174 0.003676 0.006443
2 0.871315 0.347983 0.003940 0.006443
2 0.872076 0.485602 0.003676 0.006443
2 0.872716 0.622955 0.003765 0.006862
2 0.763577 0.799552 0.003940 0.006724
2 0.677818 0.800433 0.003851 0.006581
2 0.591763 0.800981 0.003765 0.006724
3 0.290997 0.659048 0.014137 0.023810
3 0.305749 0.616012 0.015068 0.024405
3 0.183296 0.359971 0.015997 0.024705
3 0.337631 0.366043 0.013952 0.023514
3 0.683705 0.578393 0.015625 0.024405
3 0.732832 0.735507 0.015068 0.025300
3 0.601786 0.618721 0.014881 0.024110
1 0.300510 0.467040 0.015307 0.025510
4 0.321939 0.275476 0.015307 0.026190
4 0.549746 0.433231 0.016158 0.025510
4 0.606484 0.229795 0.015943 0.027210
4 0.721854 0.357857 0.015732 0.026190
4 0.749341 0.606429 0.015943 0.026190
0 0.577360 0.229388 0.014244 0.024490
4 0.395216 0.589671 0.016027 0.026010