0 0.554588 0.648057 0.019890 0.033257
3 0.588702 0.633176 0.019667 0.033971
3 0.620884 0.640557 0.020339 0.032543
3 0.683308 0.583233 0.018997 0.029324
3 0.506856 0.490850 0.016092 0.026462
1 0.576314 0.532281 0.018104 0.029324
4 0.459435 0.556712 0.017083 0.030567
4 0.435192 0.558360 0.018003 0.029100
3 0.270451 0.576643 0.019473 0.032333
3 0.189402 0.441245 0.016899 0.024395
3 0.409865 0.443221 0.013777 0.022633
4 0.382051 0.400733 0.014696 0.025276
2 0.625420 0.811605 0.006196 0.007019
2 0.720384 0.758686 0.006839 0.007848
2 0.804403 0.711440 0.007616 0.007643
2 0.785746 0.594669 0.005420 0.007433
2 0.711043 0.551917 0.005420 0.007643
2 0.532746 0.450883 0.004777 0.005576
2 0.484725 0.423843 0.005164 0.005781
2 0.441390 0.398400 0.003613 0.005371
2 0.312037 0.389133 0.005622 0.004933
2 0.245124 0.405283 0.004533 0.005805
2 0.173579 0.422062 0.004896 0.005076
2 0.109728 0.485250 0.005170 0.004786
2 0.141754 0.520336 0.005533 0.006386
2 0.178271 0.559019 0.005351 0.005657
2 0.266107 0.654652 0.006619 0.007400
2 0.320940 0.712974 0.006167 0.005948
2 0.384631 0.782417 0.006167 0.007690