4 0.197533 0.275736 0.018875 0.029567
3 0.312510 0.333036 0.015497 0.029881
3 0.463207 0.302243 0.016890 0.028295
1 0.568466 0.299226 0.018479 0.029881
3 0.690588 0.269862 0.017485 0.031152
3 0.722452 0.433829 0.018119 0.025752
3 0.699229 0.455319 0.016911 0.027781
0 0.698851 0.511617 0.016155 0.026090
4 0.542213 0.483014 0.017759 0.029838
4 0.533208 0.515633 0.018202 0.029362
3 0.179240 0.644819 0.018598 0.026781
3 0.475655 0.727636 0.017976 0.024795
2 0.243565 0.821133 0.005583 0.008933
2 0.329677 0.821412 0.004592 0.008538
2 0.416073 0.821036 0.005955 0.008738
2 0.587961 0.822245 0.005089 0.007348
2 0.674518 0.821512 0.005583 0.008738
2 0.761237 0.821233 0.005211 0.009133
2 0.872435 0.644824 0.005583 0.007743
2 0.872795 0.505995 0.005708 0.009133
2 0.873576 0.367702 0.006080 0.008738
2 0.763085 0.189905 0.005336 0.009333
2 0.676168 0.189031 0.004717 0.008538
2 0.415751 0.188257 0.004717 0.007943
2 0.328735 0.188357 0.005089 0.008143
2 0.241830 0.189407 0.005089 0.008338
2 0.131079 0.367900 0.006205 0.009133
2 0.131103 0.506352 0.004467 0.007943
2 0.131649 0.644667 0.004964 0.009333