4 0.598437 0.678241 0.023958 0.045370
1 0.555729 0.487963 0.021875 0.040741
3 0.605729 0.401852 0.020833 0.037037
4 0.577604 0.208796 0.018750 0.034259
0 0.439583 0.241204 0.018750 0.034259
4 0.363542 0.728241 0.026042 0.047222
4 0.251823 0.748611 0.025521 0.039815
2 0.190625 0.666667 0.007292 0.012963
2 0.205208 0.579630 0.007292 0.012963
2 0.219792 0.500000 0.007292 0.012963
2 0.243229 0.362037 0.007292 0.012963
2 0.254167 0.300926 0.007292 0.012963
2 0.263542 0.244444 0.007292 0.012963
2 0.405208 0.178704 0.007292 0.012963
2 0.506250 0.178704 0.007292 0.012963
2 0.607292 0.179630 0.007292 0.012963
2 0.748437 0.247222 0.007292 0.012963
2 0.757292 0.304630 0.007292 0.012963
2 0.768229 0.365741 0.007292 0.012963
2 0.790625 0.503704 0.007292 0.012963
2 0.803125 0.583333 0.007292 0.012963
2 0.817708 0.670370 0.007292 0.012963
2 0.650000 0.794444 0.007292 0.012963
2 0.503125 0.793519 0.007292 0.012963
2 0.355729 0.792593 0.007292 0.012963