4 0.472196 0.802762 0.022964 0.037905
4 0.390911 0.693760 0.018131 0.031329
4 0.503122 0.643567 0.019339 0.030943
4 0.610628 0.690829 0.020065 0.034038
3 0.550089 0.680143 0.019821 0.031714
3 0.637628 0.628700 0.016923 0.029781
0 0.575146 0.692524 0.019339 0.031714
4 0.294351 0.607271 0.016679 0.029781
3 0.267565 0.619921 0.016679 0.027462
3 0.200640 0.516186 0.013780 0.024752
3 0.306890 0.512645 0.013780 0.022433
4 0.448321 0.492352 0.013310 0.021848
4 0.371615 0.466395 0.012277 0.019457
2 0.346689 0.453845 0.004092 0.003881
2 0.284829 0.466702 0.003586 0.003881
2 0.218118 0.480350 0.004092 0.003557
2 0.153363 0.534167 0.004345 0.004524
2 0.177374 0.565476 0.004747 0.004286
2 0.204710 0.600995 0.005253 0.004848
2 0.271281 0.688229 0.005658 0.005981
2 0.313296 0.743224 0.005759 0.005495
2 0.363452 0.808340 0.006667 0.005252
2 0.584463 0.844307 0.007021 0.006710
2 0.680664 0.798624 0.006565 0.005819
2 0.766202 0.758736 0.006214 0.005090
3 0.712271 0.738036 0.022161 0.036071
2 0.761149 0.650217 0.005631 0.006148
2 0.694317 0.608893 0.005301 0.005405
2 0.636214 0.572967 0.005167 0.004029
2 0.539818 0.513338 0.004042 0.004771
2 0.498879 0.487886 0.003711 0.003390
2 0.462238 0.465507 0.003643 0.004348