3 0.217390 0.715710 0.017518 0.027610
3 0.267890 0.547138 0.016732 0.027610
4 0.178568 0.344814 0.017256 0.026771
4 0.298951 0.277138 0.015164 0.027610
4 0.459259 0.699310 0.016732 0.027190
3 0.469189 0.747369 0.015164 0.024262
4 0.633961 0.680681 0.016732 0.028029
4 0.782176 0.699671 0.016732 0.028867
4 0.724568 0.428986 0.016994 0.028448
4 0.616699 0.484490 0.016732 0.028029
3 0.688092 0.482795 0.017256 0.028448
3 0.816926 0.383921 0.017780 0.025938
3 0.661249 0.295386 0.015949 0.028867
0 0.713034 0.471481 0.015949 0.026771
2 0.248387 0.815195 0.004512 0.007533
2 0.333159 0.815279 0.004414 0.006748
2 0.417778 0.815671 0.005199 0.007533
2 0.586482 0.816069 0.004512 0.007376
2 0.671503 0.815431 0.004315 0.008005
2 0.756122 0.815671 0.005101 0.007533
2 0.865250 0.642417 0.004905 0.007690
2 0.865796 0.506786 0.004807 0.006905
2 0.866146 0.370186 0.004315 0.008943
2 0.757810 0.195352 0.004905 0.007848
2 0.672592 0.195357 0.004708 0.006905
2 0.587522 0.194960 0.004807 0.007062
2 0.417235 0.194960 0.004708 0.007062
2 0.332165 0.195593 0.004807 0.007376
2 0.247049 0.195200 0.004217 0.006590
2 0.137869 0.370198 0.004905 0.007062
2 0.138565 0.506702 0.004512 0.007690