3 0.666406 0.696296 0.025521 0.044444
3 0.653385 0.515741 0.022396 0.040741
4 0.658073 0.289352 0.019271 0.036111
1 0.615885 0.467593 0.021354 0.040741
3 0.575260 0.435185 0.021354 0.038889
4 0.551562 0.290741 0.019792 0.035185
4 0.500260 0.405093 0.021354 0.039815
4 0.532813 0.527315 0.022917 0.039815
0 0.511198 0.615278 0.023438 0.043519
4 0.524740 0.643056 0.024479 0.041667
4 0.420312 0.326852 0.019792 0.037037
3 0.417969 0.433333 0.021354 0.038889
4 0.382812 0.713889 0.025000 0.046296
2 0.190104 0.666667 0.007292 0.012963
2 0.205729 0.579630 0.007292 0.012963
2 0.219792 0.500000 0.007292 0.012963
2 0.243229 0.365741 0.007292 0.012963
2 0.254688 0.300000 0.007292 0.012963
2 0.264583 0.244444 0.007292 0.012963
2 0.404687 0.178704 0.007292 0.012963
2 0.506250 0.179630 0.007292 0.012963
2 0.607812 0.179630 0.007292 0.012963
2 0.747917 0.248148 0.007292 0.012963
2 0.757812 0.304630 0.007292 0.012963
2 0.768229 0.364815 0.007292 0.012963
2 0.791146 0.504630 0.007292 0.012963
2 0.803646 0.584259 0.007292 0.012963
2 0.817708 0.671296 0.007292 0.012963
2 0.650000 0.794444 0.007292 0.012963
2 0.503125 0.791667 0.007292 0.012963
2 0.356771 0.791667 0.007292 0.012963