2 0.365570 0.757917 0.006140 0.005357
2 0.512435 0.758617 0.006417 0.005805
2 0.659756 0.759821 0.006417 0.005357
2 0.827177 0.649121 0.006140 0.004910
2 0.812909 0.570476 0.005580 0.004762
2 0.799702 0.499048 0.005952 0.004762
2 0.776646 0.374360 0.005673 0.004910
2 0.766388 0.319345 0.005396 0.005357
2 0.756817 0.268095 0.005301 0.004762
2 0.615728 0.207367 0.005860 0.005210
2 0.514603 0.206369 0.005396 0.004167
2 0.413067 0.205893 0.005301 0.004167
2 0.272731 0.265133 0.005580 0.005505
2 0.262695 0.316043 0.004557 0.004467
2 0.252009 0.371026 0.005208 0.004910
2 0.227836 0.495060 0.005673 0.005357
2 0.214193 0.566340 0.005768 0.005062
2 0.199499 0.644583 0.006140 0.005357
3 0.385119 0.654762 0.024405 0.040952
3 0.397173 0.483095 0.021726 0.035714
3 0.365327 0.317381 0.019345 0.031905
3 0.354018 0.304286 0.019345 0.032381
3 0.336607 0.276667 0.019048 0.030476
3 0.735268 0.431190 0.020536 0.034762
4 0.642708 0.265714 0.018750 0.032381
4 0.570685 0.253333 0.018155 0.031429
4 0.625446 0.415952 0.020536 0.035714
4 0.605208 0.572619 0.022917 0.038571
4 0.741667 0.459286 0.021429 0.036667
4 0.754167 0.702857 0.025595 0.042857
0 0.505357 0.592381 0.022619 0.040000
1 0.240179 0.732143 0.024405 0.029048