2 0.416927 0.194776 0.004092 0.006695
2 0.331854 0.195105 0.004185 0.006400
2 0.246754 0.195431 0.003628 0.006100
2 0.137966 0.370269 0.003908 0.006252
2 0.138216 0.506383 0.003813 0.006100
2 0.138859 0.641950 0.003908 0.005805
2 0.248335 0.814881 0.003813 0.005952
2 0.332906 0.815031 0.003908 0.006252
2 0.417728 0.815431 0.003908 0.006100
2 0.586542 0.815655 0.003440 0.006548
2 0.671159 0.815805 0.003628 0.006848
2 0.755795 0.815431 0.003256 0.006100
2 0.864863 0.642500 0.003536 0.005952
2 0.865597 0.506681 0.003813 0.006695
2 0.865894 0.370343 0.003813 0.006400
2 0.757701 0.195581 0.004092 0.006400
2 0.672536 0.195031 0.004000 0.006252
2 0.587463 0.194331 0.004092 0.005805
3 0.487302 0.253333 0.014485 0.023810
3 0.558829 0.635555 0.013491 0.023490
3 0.754762 0.632698 0.015476 0.024443
3 0.254960 0.731905 0.014086 0.023810
3 0.299702 0.705555 0.015476 0.023490
3 0.321626 0.690793 0.015277 0.024443
4 0.211012 0.433333 0.016071 0.024762
4 0.232540 0.342540 0.015080 0.023176
4 0.465576 0.378412 0.015080 0.025395
4 0.523710 0.250636 0.014682 0.024129
4 0.663790 0.411112 0.015080 0.025081
4 0.800100 0.274602 0.015676 0.024443
0 0.686607 0.514602 0.014881 0.023490
1 0.835912 0.761745 0.016467 0.025395