4 0.786719 0.636574 0.016146 0.026852
3 0.769792 0.330093 0.015625 0.026852
4 0.722656 0.483796 0.015104 0.026852
0 0.694010 0.499537 0.015104 0.026852
4 0.604167 0.473148 0.015625 0.027778
1 0.450000 0.719444 0.015625 0.027778
4 0.458073 0.512963 0.015104 0.027778
4 0.354948 0.621296 0.015104 0.027778
4 0.302344 0.443056 0.016146 0.026852
4 0.298177 0.293981 0.015104 0.026852
2 0.139063 0.657407 0.007292 0.012963
2 0.139063 0.507407 0.007292 0.012963
2 0.137500 0.354630 0.007292 0.012963
2 0.246875 0.161111 0.007292 0.012963
2 0.331771 0.161111 0.007292 0.012963
2 0.417187 0.160185 0.007292 0.012963
2 0.587500 0.160185 0.007292 0.012963
2 0.672917 0.161111 0.007292 0.012963
2 0.757812 0.161111 0.007292 0.012963
2 0.866146 0.356481 0.007292 0.012963
2 0.866146 0.504630 0.007292 0.012963
2 0.865625 0.657407 0.007292 0.012963
2 0.756250 0.850000 0.007292 0.012963
2 0.670833 0.850000 0.007292 0.012963
2 0.586458 0.850926 0.007292 0.012963
2 0.417708 0.850926 0.007292 0.012963
2 0.332813 0.849074 0.007292 0.012963