4 0.567415 0.706807 0.026497 0.043138
4 0.623978 0.657843 0.025336 0.044257
4 0.534618 0.459233 0.021616 0.039419
4 0.347945 0.482776 0.022080 0.037933
4 0.337208 0.313774 0.019060 0.034214
4 0.650820 0.280521 0.020688 0.035329
4 0.605131 0.252345 0.018595 0.034214
0 0.625899 0.255121 0.019060 0.033100
1 0.564640 0.236550 0.019756 0.033100
2 0.365897 0.757888 0.006795 0.006252
2 0.512558 0.758712 0.007259 0.007900
2 0.659509 0.759560 0.007113 0.006738
2 0.826763 0.648607 0.007693 0.006738
2 0.813103 0.570395 0.005372 0.006505
2 0.799695 0.498721 0.006533 0.006967
2 0.776868 0.373948 0.006711 0.005990
2 0.766917 0.318979 0.006452 0.005576
2 0.756942 0.267924 0.005551 0.005371
2 0.615815 0.207479 0.005440 0.006386
2 0.514859 0.206564 0.005313 0.005510
2 0.413567 0.205617 0.005705 0.004567
2 0.272397 0.265057 0.005509 0.005352
2 0.262820 0.315688 0.006592 0.006614
2 0.251963 0.371007 0.005116 0.005824
2 0.228048 0.495212 0.006690 0.006614
2 0.214158 0.565845 0.006887 0.006929
2 0.199277 0.644731 0.006887 0.007557