2 0.246975 0.195714 0.004068 0.006667
2 0.332192 0.194840 0.004265 0.006824
2 0.417362 0.194445 0.003771 0.006033
2 0.587351 0.194364 0.004464 0.006824
2 0.672817 0.195000 0.003967 0.006190
2 0.758036 0.195238 0.004167 0.006667
2 0.866320 0.370238 0.004068 0.007143
2 0.865823 0.506269 0.004265 0.006824
2 0.865228 0.642381 0.003670 0.006667
2 0.756101 0.815000 0.003869 0.006190
2 0.671329 0.815555 0.003967 0.006348
2 0.586507 0.815714 0.003967 0.006667
2 0.418055 0.815714 0.003967 0.006667
2 0.333185 0.815000 0.003869 0.006190
2 0.248412 0.815000 0.003967 0.006190
2 0.139237 0.641905 0.004068 0.006667
2 0.138591 0.506507 0.003967 0.006348
2 0.138244 0.370317 0.003869 0.006348
4 0.257192 0.333493 0.016170 0.026033
4 0.208780 0.388493 0.016369 0.026510
4 0.315823 0.724840 0.015574 0.024919
4 0.524588 0.482198 0.014652 0.023443
4 0.558746 0.687986 0.015110 0.024543
4 0.804740 0.454910 0.016027 0.026010
4 0.756272 0.397400 0.016711 0.025276
0 0.212746 0.363138 0.014182 0.024371
1 0.180339 0.440083 0.016631 0.024929