3 0.652604 0.608796 0.015625 0.026852
0 0.685156 0.506019 0.015104 0.026852
3 0.715625 0.274537 0.015625 0.026852
3 0.626042 0.218981 0.014583 0.026852
4 0.602083 0.446296 0.015625 0.027778
4 0.520052 0.315741 0.015104 0.027778
1 0.433073 0.293056 0.016146 0.028704
3 0.395833 0.266204 0.015625 0.028704
3 0.435156 0.621296 0.015104 0.027778
3 0.402604 0.681481 0.015625 0.027778
3 0.373698 0.676852 0.015104 0.025926
4 0.233854 0.734722 0.015625 0.028704
2 0.139063 0.657407 0.007292 0.012963
2 0.138021 0.507407 0.007292 0.012963
2 0.138021 0.354630 0.007292 0.012963
2 0.246354 0.161111 0.007292 0.012963
2 0.332292 0.160185 0.007292 0.012963
2 0.417187 0.160185 0.007292 0.012963
2 0.586979 0.160185 0.007292 0.012963
2 0.672917 0.160185 0.007292 0.012963
2 0.757812 0.161111 0.007292 0.012963
2 0.865625 0.355556 0.007292 0.012963
2 0.865625 0.506481 0.007292 0.012963
2 0.865104 0.658333 0.007292 0.012963
2 0.755729 0.849074 0.007292 0.012963
2 0.671354 0.850000 0.007292 0.012963
2 0.585938 0.850000 0.007292 0.012963
2 0.417708 0.850000 0.007292 0.012963
2 0.332813 0.850000 0.007292 0.012963
2 0.247917 0.850000 0.007292 0.012963