3 0.459344 0.621576 0.025830 0.039343
4 0.586711 0.566048 0.025208 0.040667
0 0.570063 0.513402 0.021077 0.035376
4 0.343507 0.514064 0.022729 0.036700
4 0.223439 0.461810 0.021283 0.035048
4 0.192074 0.450545 0.020458 0.035376
1 0.223246 0.435481 0.021491 0.028105
3 0.085671 0.349514 0.017771 0.031410
3 0.294036 0.288245 0.016643 0.027919
3 0.341839 0.256171 0.014631 0.026629
4 0.359341 0.262410 0.015705 0.025771
3 0.421003 0.332129 0.018792 0.030924
4 0.543170 0.425907 0.020268 0.033719
3 0.615089 0.418381 0.019464 0.032000
3 0.695693 0.490421 0.021744 0.036081
4 0.692869 0.569698 0.024429 0.038443
2 0.723418 0.742531 0.007551 0.006967
2 0.818702 0.677086 0.006452 0.006552
2 0.902644 0.619745 0.007074 0.006157
2 0.864189 0.485538 0.006949 0.005362
2 0.773006 0.438098 0.007321 0.004767
2 0.690540 0.395419 0.006080 0.004171
2 0.548881 0.322038 0.004905 0.004076
2 0.487307 0.290760 0.005565 0.004376
2 0.430570 0.261086 0.005188 0.004076
2 0.274225 0.253429 0.004997 0.004000
2 0.197616 0.276107 0.004756 0.005548
2 0.114469 0.300329 0.005723 0.005419
2 0.054470 0.382362 0.005964 0.005676
2 0.103199 0.424267 0.005804 0.005676
2 0.157068 0.471217 0.005804 0.005290
2 0.284412 0.581100 0.006920 0.006962
2 0.361397 0.647290 0.006723 0.006010
2 0.449540 0.722924 0.007414 0.006800