2 0.246924 0.195655 0.003967 0.006548
2 0.331982 0.195179 0.003845 0.006548
2 0.417162 0.194326 0.003967 0.006748
2 0.587228 0.194602 0.004217 0.006348
2 0.672631 0.194981 0.003595 0.006152
2 0.757936 0.195179 0.003967 0.006548
2 0.865972 0.370238 0.003967 0.007143
2 0.865551 0.506329 0.003720 0.006943
2 0.865079 0.642143 0.003967 0.007143
2 0.756027 0.815079 0.003720 0.006348
2 0.671329 0.815555 0.003967 0.006348
2 0.586744 0.816031 0.003845 0.006348
2 0.417757 0.815179 0.003967 0.006548
2 0.332936 0.815279 0.003967 0.006748
2 0.248412 0.815179 0.003967 0.006548
3 0.197942 0.731052 0.016122 0.024010
3 0.205243 0.404469 0.014652 0.024176
3 0.170926 0.277986 0.016256 0.024543
3 0.349015 0.341245 0.013506 0.023443
3 0.564698 0.298829 0.015110 0.025276
3 0.676488 0.343224 0.014881 0.024543
3 0.680930 0.707107 0.016027 0.025643
4 0.195146 0.272345 0.016482 0.025643
4 0.398375 0.751026 0.015798 0.024910
4 0.425595 0.734250 0.014881 0.025643
4 0.539103 0.688462 0.015110 0.024543
4 0.690339 0.542638 0.015798 0.025276
4 0.738668 0.459852 0.016027 0.026371
4 0.538141 0.382345 0.015568 0.025643
0 0.638851 0.489598 0.015798 0.024910
1 0.398192 0.708900 0.016027 0.026371
2 0.137798 0.370476 0.004167 0.006667
2 0.138313 0.506355 0.004006 0.006043
2 0.138851 0.642252 0.003893 0.006410