3 0.823698 0.628704 0.015104 0.025926
3 0.809635 0.333333 0.016146 0.027778
4 0.745052 0.444907 0.015104 0.025000
4 0.730469 0.375463 0.016146 0.028704
4 0.702604 0.561111 0.015625 0.027778
1 0.680208 0.509259 0.015625 0.027778
0 0.555469 0.495833 0.015104 0.026852
3 0.552865 0.465278 0.015104 0.026852
3 0.400781 0.522685 0.015104 0.028704
3 0.344010 0.421759 0.015104 0.026852
4 0.360417 0.370833 0.015625 0.026852
3 0.356771 0.237963 0.015625 0.025926
4 0.288802 0.222685 0.015104 0.026852
3 0.249219 0.665278 0.016146 0.030556
2 0.139063 0.658333 0.007292 0.012963
2 0.138542 0.506481 0.007292 0.012963
2 0.138021 0.355556 0.007292 0.012963
2 0.247396 0.162037 0.007292 0.012963
2 0.331771 0.161111 0.007292 0.012963
2 0.417708 0.160185 0.007292 0.012963
2 0.588021 0.160185 0.007292 0.012963
2 0.672396 0.161111 0.007292 0.012963
2 0.757812 0.161111 0.007292 0.012963
2 0.865625 0.354630 0.007292 0.012963
2 0.866146 0.506481 0.007292 0.012963
2 0.865625 0.658333 0.007292 0.012963
2 0.755729 0.850000 0.007292 0.012963
2 0.670833 0.850000 0.007292 0.012963
2 0.586458 0.850000 0.007292 0.012963
2 0.418229 0.850000 0.007292 0.012963
2 0.332813 0.850000 0.007292 0.012963
2 0.247917 0.849074 0.007292 0.012963