3 0.824219 0.627778 0.015104 0.025926
3 0.809896 0.333333 0.015625 0.027778
3 0.553646 0.463889 0.015625 0.025926
0 0.555729 0.495370 0.014583 0.027778
1 0.516406 0.548148 0.016146 0.027778
3 0.401302 0.523611 0.015104 0.028704
3 0.344271 0.420833 0.015625 0.026852
4 0.360156 0.370370 0.016146 0.025926
3 0.356771 0.237963 0.015625 0.025926
4 0.288802 0.223148 0.015104 0.027778
3 0.248958 0.664815 0.015625 0.027778
2 0.138542 0.657407 0.007292 0.012963
2 0.139063 0.506481 0.007292 0.012963
2 0.138542 0.356481 0.007292 0.012963
2 0.246875 0.161111 0.007292 0.012963
2 0.331771 0.160185 0.007292 0.012963
2 0.417708 0.160185 0.007292 0.012963
2 0.586979 0.160185 0.007292 0.012963
2 0.672917 0.160185 0.007292 0.012963
2 0.758333 0.161111 0.007292 0.012963
2 0.866146 0.355556 0.007292 0.012963
2 0.865625 0.506481 0.007292 0.012963
2 0.865625 0.657407 0.007292 0.012963
2 0.755729 0.850926 0.007292 0.012963
2 0.671354 0.850000 0.007292 0.012963
2 0.586458 0.850926 0.007292 0.012963
2 0.417708 0.850000 0.007292 0.012963
2 0.333333 0.849074 0.007292 0.012963
2 0.247917 0.849074 0.007292 0.012963