2 0.363606 0.757483 0.006378 0.005443
2 0.510576 0.758045 0.006271 0.005614
2 0.657461 0.759474 0.006589 0.005614
2 0.825266 0.648436 0.006485 0.005443
2 0.810906 0.569693 0.005741 0.005100
2 0.797725 0.498350 0.006164 0.005271
2 0.774894 0.373979 0.005741 0.005100
2 0.764403 0.318571 0.004997 0.004762
2 0.754826 0.267312 0.004890 0.005100
2 0.614158 0.206498 0.005101 0.004424
2 0.512585 0.206190 0.005527 0.004762
2 0.411266 0.205460 0.004676 0.004252
2 0.270621 0.264286 0.005527 0.004762
2 0.260778 0.315374 0.004890 0.004081
2 0.250118 0.370562 0.004997 0.004933
2 0.226170 0.494676 0.005315 0.004590
2 0.212234 0.566105 0.005420 0.004590
2 0.197513 0.643810 0.005741 0.004762
3 0.342347 0.603674 0.023384 0.038776
3 0.296449 0.506633 0.021470 0.037076
3 0.440243 0.503640 0.022747 0.037757
3 0.685969 0.683605 0.025509 0.041495
3 0.644324 0.605579 0.023173 0.038776
3 0.669091 0.518062 0.022110 0.037076
1 0.601955 0.312890 0.019982 0.034352
0 0.521216 0.578740 0.023384 0.038433
4 0.764116 0.598979 0.024661 0.040814
4 0.708588 0.531700 0.022533 0.036733
4 0.492241 0.503810 0.023173 0.038095
4 0.577083 0.414183 0.020833 0.035033
4 0.533354 0.410579 0.021470 0.036395
4 0.369494 0.314421 0.019345 0.032652
4 0.350467 0.319524 0.019982 0.033333