1 0.311198 0.395536 0.015253 0.024405
4 0.465365 0.431548 0.015253 0.025000
4 0.459933 0.481726 0.014509 0.024405
4 0.584338 0.526964 0.014509 0.024405
3 0.583631 0.583571 0.014286 0.024286
3 0.588988 0.740000 0.014881 0.023810
3 0.700744 0.678095 0.013988 0.023810
0 0.672470 0.496190 0.013988 0.023810
4 0.316815 0.682619 0.015774 0.025238
4 0.325298 0.706429 0.014881 0.024286
4 0.693155 0.247619 0.014881 0.025714
3 0.701935 0.370952 0.013988 0.023810
4 0.618006 0.296667 0.013988 0.024762
3 0.600744 0.336905 0.013988 0.024286
3 0.782540 0.336269 0.013890 0.023014
2 0.246772 0.195605 0.003664 0.005495
2 0.332143 0.195357 0.003571 0.005952
2 0.417336 0.194405 0.003720 0.005952
2 0.587426 0.194881 0.004018 0.005952
2 0.672842 0.195238 0.003423 0.005714
2 0.757812 0.195238 0.003720 0.005714
2 0.865997 0.370357 0.003423 0.005476
2 0.865848 0.506786 0.003720 0.005952
2 0.865179 0.642619 0.003571 0.006190
2 0.755878 0.815119 0.004018 0.006429
2 0.671280 0.815476 0.003869 0.006190
2 0.586607 0.816190 0.003571 0.005714
2 0.417708 0.815595 0.003869 0.006429
2 0.333185 0.815476 0.003869 0.006190
2 0.248438 0.815238 0.004018 0.006667
2 0.139063 0.642262 0.004315 0.006429
2 0.138467 0.506310 0.004315 0.006905
2 0.137946 0.370119 0.003869 0.006905