0 0.621094 0.520833 0.015104 0.026852
3 0.692187 0.470833 0.014583 0.026852
3 0.691406 0.423148 0.015104 0.025926
3 0.743750 0.343056 0.015625 0.026852
4 0.631510 0.473611 0.015104 0.028704
4 0.653906 0.383796 0.015104 0.028704
3 0.688281 0.279167 0.015104 0.026852
4 0.644010 0.266204 0.015104 0.026852
4 0.534635 0.227778 0.015104 0.025926
4 0.570312 0.473611 0.015625 0.026852
4 0.531250 0.576389 0.014583 0.028704
4 0.384635 0.306944 0.016146 0.028704
3 0.300000 0.674074 0.015625 0.027778
1 0.279427 0.476389 0.016146 0.028704
2 0.246875 0.160185 0.007292 0.012963
2 0.331771 0.160185 0.007292 0.012963
2 0.417187 0.160185 0.007292 0.012963
2 0.587500 0.160185 0.007292 0.012963
2 0.672396 0.160185 0.007292 0.012963
2 0.758333 0.161111 0.007292 0.012963
2 0.866146 0.355556 0.007292 0.012963
2 0.865625 0.506481 0.007292 0.012963
2 0.865104 0.658333 0.007292 0.012963
2 0.755729 0.850000 0.007292 0.012963
2 0.670833 0.850000 0.007292 0.012963
2 0.586458 0.850926 0.007292 0.012963
2 0.417708 0.850000 0.007292 0.012963
2 0.332292 0.849074 0.007292 0.012963
2 0.248438 0.849074 0.007292 0.012963
2 0.138542 0.657407 0.007292 0.012963
2 0.138542 0.506481 0.007292 0.012963
2 0.138021 0.355556 0.007292 0.012963