4 0.593490 0.482407 0.007812 0.009259
3 0.603906 0.484722 0.007812 0.013889
3 0.592969 0.491667 0.007812 0.014815
0 0.596094 0.495833 0.007812 0.012037
4 0.626823 0.501852 0.008854 0.016667
3 0.648698 0.505093 0.008854 0.015741
4 0.646094 0.518519 0.008854 0.011111
4 0.597135 0.508333 0.008854 0.016667
3 0.540885 0.499074 0.007812 0.014815
1 0.467187 0.550463 0.010417 0.019444
3 0.515625 0.581481 0.010417 0.016667
2 0.547917 0.573148 0.007292 0.009259
2 0.576562 0.559259 0.007292 0.009259
2 0.602083 0.547222 0.007292 0.009259
2 0.648958 0.525000 0.007292 0.009259
2 0.669271 0.514815 0.007292 0.009259
2 0.688542 0.504630 0.007292 0.009259
2 0.671354 0.487963 0.007292 0.009259
2 0.641146 0.482407 0.007292 0.009259
2 0.613021 0.476852 0.007292 0.009259
2 0.554688 0.479630 0.007292 0.009259
2 0.533854 0.487037 0.007292 0.009259
2 0.511458 0.495370 0.007292 0.009259
2 0.460938 0.512037 0.007292 0.009259
2 0.433333 0.522222 0.007292 0.009259
2 0.403646 0.532407 0.007292 0.009259
2 0.399479 0.557407 0.007292 0.009259
2 0.430208 0.565741 0.007292 0.009259
2 0.464062 0.576852 0.007292 0.009259