2 0.335948 0.466943 0.003443 0.003410
2 0.396067 0.453867 0.003443 0.002971
2 0.510164 0.467119 0.003661 0.003762
2 0.546935 0.491748 0.003988 0.003495
2 0.588058 0.520188 0.003497 0.003233
2 0.684842 0.585776 0.004208 0.003933
2 0.743421 0.625300 0.004699 0.003933
2 0.810091 0.670800 0.005301 0.004457
2 0.816478 0.786519 0.005574 0.005419
2 0.733308 0.827000 0.005902 0.006381
2 0.640885 0.872979 0.006176 0.006910
2 0.426113 0.830333 0.006393 0.006381
2 0.375783 0.761631 0.005137 0.006119
2 0.332926 0.703619 0.005137 0.005333
2 0.264497 0.610024 0.004589 0.004810
2 0.236981 0.571536 0.004318 0.004024
2 0.212278 0.537595 0.004318 0.003762
4 0.359802 0.485895 0.011866 0.020362
4 0.305850 0.515990 0.012295 0.021505
4 0.303732 0.567152 0.014012 0.022876
4 0.286994 0.573800 0.013869 0.023790
4 0.673042 0.626964 0.015726 0.026310
4 0.666222 0.692717 0.018158 0.030195
4 0.646079 0.706869 0.017158 0.030881
3 0.417198 0.727231 0.017729 0.030652
3 0.694353 0.728298 0.017872 0.030881
3 0.512161 0.494790 0.013012 0.021962
3 0.483220 0.544181 0.012869 0.022648
3 0.449754 0.480312 0.012009 0.019671
3 0.319601 0.557019 0.013012 0.023562
3 0.267935 0.570352 0.014440 0.023562
0 0.594290 0.699945 0.017152 0.030367
1 0.801330 0.739557 0.018137 0.031495