3 0.304464 0.247583 0.015476 0.026595
3 0.230187 0.320340 0.013946 0.023538
3 0.397001 0.400098 0.016622 0.027814
4 0.630497 0.280286 0.015756 0.028190
4 0.709082 0.397574 0.016378 0.027529
4 0.715228 0.440555 0.016170 0.025871
3 0.757283 0.414343 0.015756 0.024876
1 0.812485 0.309126 0.017827 0.025871
0 0.684469 0.493310 0.015961 0.028524
3 0.640810 0.731405 0.015548 0.028524
4 0.192558 0.491074 0.018449 0.025957
4 0.237597 0.633076 0.016860 0.029010
4 0.346836 0.705948 0.016887 0.027133
4 0.350231 0.737148 0.016533 0.027629
3 0.335007 0.762126 0.017634 0.026157
3 0.333634 0.668757 0.017268 0.027038
2 0.248150 0.814660 0.004634 0.007414
2 0.332729 0.814483 0.004744 0.007062
2 0.417826 0.815576 0.005295 0.008295
2 0.586521 0.815700 0.005185 0.007590
2 0.671177 0.815312 0.004854 0.007767
2 0.755811 0.814536 0.005074 0.008119
2 0.864872 0.641855 0.004744 0.008471
2 0.865655 0.506229 0.004524 0.008648
2 0.865655 0.370038 0.004524 0.008648
2 0.757674 0.195312 0.004634 0.007767
2 0.672830 0.194836 0.005185 0.007767
2 0.587359 0.194236 0.005074 0.008471
2 0.417065 0.194148 0.004964 0.008295
2 0.331814 0.195276 0.005295 0.008648
2 0.246882 0.194660 0.005074 0.007414
2 0.138064 0.369562 0.005295 0.008648
2 0.138086 0.505455 0.004744 0.009005
2 0.138847 0.641645 0.005074 0.009005