4 0.830469 0.317130 0.015104 0.026852
4 0.720573 0.418056 0.017188 0.026852
3 0.685677 0.272685 0.015104 0.026852
0 0.669010 0.388426 0.015104 0.026852
3 0.677344 0.791204 0.015104 0.028704
3 0.634375 0.706481 0.014583 0.025926
4 0.557031 0.660648 0.015104 0.026852
1 0.571875 0.418981 0.015625 0.026852
4 0.566406 0.323148 0.015104 0.027778
4 0.420833 0.477778 0.015625 0.027778
3 0.383333 0.223148 0.015625 0.029630
2 0.246354 0.161111 0.007292 0.012963
2 0.331771 0.161111 0.007292 0.012963
2 0.417708 0.160185 0.007292 0.012963
2 0.587500 0.160185 0.007292 0.012963
2 0.672917 0.161111 0.007292 0.012963
2 0.757812 0.161111 0.007292 0.012963
2 0.866146 0.355556 0.007292 0.012963
2 0.865625 0.506481 0.007292 0.012963
2 0.865104 0.657407 0.007292 0.012963
2 0.755729 0.850000 0.007292 0.012963
2 0.670833 0.850000 0.007292 0.012963
2 0.586458 0.850000 0.007292 0.012963
2 0.417708 0.850000 0.007292 0.012963
2 0.332292 0.850000 0.007292 0.012963
2 0.247917 0.850000 0.007292 0.012963
2 0.139583 0.657407 0.007292 0.012963
2 0.138542 0.506481 0.007292 0.012963
2 0.138021 0.354630 0.007292 0.012963