3 0.824740 0.670370 0.017188 0.029630
1 0.750260 0.502778 0.016146 0.029630
0 0.669271 0.387963 0.015625 0.027778
4 0.566146 0.322222 0.015625 0.027778
2 0.246875 0.162037 0.007292 0.012963
2 0.332292 0.161111 0.007292 0.012963
2 0.417187 0.160185 0.007292 0.012963
2 0.586979 0.160185 0.007292 0.012963
2 0.672917 0.161111 0.007292 0.012963
2 0.757812 0.161111 0.007292 0.012963
2 0.865625 0.355556 0.007292 0.012963
2 0.865625 0.507407 0.007292 0.012963
2 0.865104 0.658333 0.007292 0.012963
2 0.756250 0.850000 0.007292 0.012963
2 0.671354 0.850000 0.007292 0.012963
2 0.586458 0.850926 0.007292 0.012963
2 0.417708 0.850000 0.007292 0.012963
2 0.332813 0.850000 0.007292 0.012963
2 0.247917 0.850000 0.007292 0.012963
2 0.139063 0.657407 0.007292 0.012963
2 0.138542 0.505556 0.007292 0.012963
2 0.138021 0.355556 0.007292 0.012963