4 0.652083 0.712963 0.023958 0.042593
0 0.370052 0.523611 0.023438 0.041667
1 0.221615 0.537500 0.024479 0.041667
3 0.165885 0.562037 0.024479 0.040741
3 0.131250 0.525926 0.025000 0.042593
3 0.106510 0.386574 0.024479 0.041667
2 0.064583 0.687037 0.007292 0.012963
2 0.066146 0.500000 0.007292 0.012963
2 0.067187 0.312963 0.007292 0.012963
2 0.195312 0.087963 0.007292 0.012963
2 0.298958 0.088889 0.007292 0.012963
2 0.402604 0.089815 0.007292 0.012963
2 0.610417 0.087037 0.007292 0.012963
2 0.714063 0.087037 0.007292 0.012963
2 0.818750 0.085185 0.007292 0.012963
2 0.948958 0.312963 0.007292 0.012963
2 0.950000 0.500000 0.007292 0.012963
2 0.951042 0.687037 0.007292 0.012963
2 0.821354 0.916667 0.007292 0.012963
2 0.715625 0.916667 0.007292 0.012963
2 0.611458 0.914815 0.007292 0.012963
2 0.402083 0.915741 0.007292 0.012963
2 0.298958 0.916667 0.007292 0.012963
2 0.193229 0.916667 0.007292 0.012963