4 0.817187 0.772222 0.015625 0.027778
1 0.819792 0.697222 0.016667 0.027778
3 0.818229 0.659722 0.015625 0.026852
4 0.799219 0.528704 0.016146 0.027778
4 0.718750 0.395370 0.015625 0.027778
4 0.627865 0.677315 0.015104 0.026852
4 0.631250 0.625000 0.015625 0.027778
0 0.585417 0.306944 0.015625 0.026852
4 0.530990 0.244444 0.015104 0.027778
3 0.398698 0.266667 0.015104 0.027778
4 0.275000 0.447685 0.015625 0.028704
2 0.138542 0.657407 0.007292 0.012963
2 0.139063 0.507407 0.007292 0.012963
2 0.138021 0.354630 0.007292 0.012963
2 0.246875 0.161111 0.007292 0.012963
2 0.332292 0.161111 0.007292 0.012963
2 0.417187 0.160185 0.007292 0.012963
2 0.587500 0.160185 0.007292 0.012963
2 0.673438 0.160185 0.007292 0.012963
2 0.758333 0.160185 0.007292 0.012963
2 0.866667 0.355556 0.007292 0.012963
2 0.866146 0.507407 0.007292 0.012963
2 0.865104 0.657407 0.007292 0.012963
2 0.756250 0.849074 0.007292 0.012963
2 0.671354 0.850000 0.007292 0.012963
2 0.586458 0.850000 0.007292 0.012963
2 0.417708 0.850000 0.007292 0.012963
2 0.332813 0.850926 0.007292 0.012963
2 0.248438 0.849074 0.007292 0.012963