1 0.794531 0.387500 0.016146 0.028704
4 0.799219 0.531019 0.016146 0.028704
0 0.584896 0.308796 0.015625 0.028704
4 0.603906 0.732870 0.016146 0.028704
4 0.546094 0.502778 0.016146 0.027778
3 0.249740 0.554630 0.016146 0.027778
2 0.138542 0.657407 0.007292 0.012963
2 0.138542 0.506481 0.007292 0.012963
2 0.138021 0.355556 0.007292 0.012963
2 0.246875 0.161111 0.007292 0.012963
2 0.332292 0.160185 0.007292 0.012963
2 0.417187 0.160185 0.007292 0.012963
2 0.587500 0.160185 0.007292 0.012963
2 0.672917 0.161111 0.007292 0.012963
2 0.758333 0.161111 0.007292 0.012963
2 0.866146 0.356481 0.007292 0.012963
2 0.865625 0.506481 0.007292 0.012963
2 0.865104 0.657407 0.007292 0.012963
2 0.756250 0.850000 0.007292 0.012963
2 0.671354 0.850000 0.007292 0.012963
2 0.586458 0.850000 0.007292 0.012963
2 0.417708 0.850000 0.007292 0.012963
2 0.332813 0.850000 0.007292 0.012963
2 0.247917 0.849074 0.007292 0.012963