0 0.584635 0.306944 0.015104 0.026852
1 0.708854 0.726852 0.015625 0.027778
4 0.604167 0.731944 0.015625 0.028704
4 0.546615 0.502315 0.017188 0.030556
3 0.249479 0.553241 0.015625 0.026852
2 0.138542 0.658333 0.007292 0.012963
2 0.138542 0.506481 0.007292 0.012963
2 0.138021 0.355556 0.007292 0.012963
2 0.246875 0.161111 0.007292 0.012963
2 0.332292 0.160185 0.007292 0.012963
2 0.417187 0.160185 0.007292 0.012963
2 0.587500 0.159259 0.007292 0.012963
2 0.672917 0.161111 0.007292 0.012963
2 0.757812 0.161111 0.007292 0.012963
2 0.866146 0.355556 0.007292 0.012963
2 0.865625 0.507407 0.007292 0.012963
2 0.865625 0.657407 0.007292 0.012963
2 0.756250 0.850000 0.007292 0.012963
2 0.671354 0.850000 0.007292 0.012963
2 0.586458 0.850000 0.007292 0.012963
2 0.417708 0.850926 0.007292 0.012963
2 0.332813 0.850000 0.007292 0.012963
2 0.248438 0.849074 0.007292 0.012963