2 0.404874 0.211486 0.004985 0.004876
2 0.506220 0.212236 0.005298 0.004471
2 0.607882 0.212562 0.005646 0.005124
2 0.748388 0.273224 0.005705 0.005495
2 0.757585 0.324269 0.005646 0.005681
2 0.768054 0.379414 0.006345 0.005495
2 0.790818 0.504212 0.006637 0.006519
2 0.803440 0.575548 0.006286 0.006333
2 0.818018 0.653829 0.006869 0.006705
2 0.650225 0.765212 0.006402 0.006614
2 0.503259 0.763979 0.006518 0.006052
2 0.356323 0.763352 0.006693 0.006705
2 0.190461 0.650645 0.006518 0.006052
2 0.205249 0.572074 0.006926 0.006052
2 0.219308 0.500983 0.005878 0.005776
2 0.243445 0.376743 0.005938 0.005867
2 0.254107 0.321888 0.005238 0.005681
2 0.264045 0.270983 0.005470 0.005776
4 0.407244 0.272745 0.018655 0.031205
4 0.341766 0.339133 0.019842 0.034457
4 0.315534 0.341107 0.019164 0.033643
4 0.517958 0.248119 0.018655 0.031476
4 0.717484 0.549060 0.023062 0.039071
4 0.568716 0.624024 0.023741 0.040429
3 0.596903 0.663821 0.024759 0.039071
3 0.372762 0.330431 0.019333 0.032290
3 0.296783 0.331112 0.020351 0.031748
3 0.288869 0.555931 0.023571 0.038529
3 0.593973 0.372814 0.019494 0.033248
3 0.648665 0.270871 0.017568 0.032219
3 0.708045 0.281614 0.019065 0.030848
1 0.704176 0.318795 0.019065 0.031876
0 0.516521 0.595519 0.022923 0.037705