3 0.231433 0.322495 0.015842 0.024038
3 0.249510 0.248788 0.017473 0.029005
1 0.311305 0.259264 0.016658 0.029005
3 0.397048 0.400169 0.017310 0.027957
4 0.192152 0.489817 0.017637 0.025348
4 0.236952 0.631552 0.016167 0.026914
3 0.333976 0.667948 0.016167 0.023514
4 0.346966 0.705055 0.017146 0.025348
4 0.350188 0.736790 0.017637 0.026914
3 0.334923 0.761636 0.015679 0.026129
4 0.630740 0.279719 0.017432 0.026105
3 0.757414 0.414600 0.015423 0.025390
4 0.714929 0.440731 0.016762 0.027176
0 0.684795 0.492457 0.015423 0.026819
3 0.641045 0.732040 0.015423 0.025033
2 0.248283 0.814919 0.004899 0.008886
2 0.333128 0.814826 0.003756 0.006795
2 0.417510 0.814943 0.005259 0.007981
2 0.586423 0.815200 0.004988 0.007543
2 0.671128 0.814579 0.005351 0.007252
2 0.755652 0.814538 0.005351 0.008124
2 0.865246 0.641640 0.004896 0.008995
2 0.865336 0.506040 0.005077 0.008271
2 0.865932 0.369850 0.005077 0.008271
2 0.757805 0.195160 0.004896 0.008414
2 0.672868 0.194538 0.005259 0.008124
2 0.587341 0.194102 0.004443 0.007252
2 0.417147 0.193990 0.004533 0.007981
2 0.331821 0.194467 0.004714 0.007981
2 0.246793 0.195160 0.004896 0.008414
2 0.137865 0.369671 0.004896 0.006962
2 0.138576 0.505345 0.004533 0.007833
2 0.138894 0.641786 0.005170 0.009286