0 0.584896 0.307870 0.015625 0.026852
4 0.546354 0.503704 0.015625 0.027778
1 0.565365 0.674074 0.016146 0.027778
3 0.249479 0.553241 0.015625 0.026852
2 0.139063 0.657407 0.007292 0.012963
2 0.138542 0.507407 0.007292 0.012963
2 0.138021 0.355556 0.007292 0.012963
2 0.246875 0.161111 0.007292 0.012963
2 0.332292 0.160185 0.007292 0.012963
2 0.417708 0.160185 0.007292 0.012963
2 0.588021 0.161111 0.007292 0.012963
2 0.672396 0.161111 0.007292 0.012963
2 0.758333 0.161111 0.007292 0.012963
2 0.866667 0.355556 0.007292 0.012963
2 0.865625 0.506481 0.007292 0.012963
2 0.865625 0.658333 0.007292 0.012963
2 0.756250 0.850000 0.007292 0.012963
2 0.671354 0.850000 0.007292 0.012963
2 0.586458 0.850000 0.007292 0.012963
2 0.417708 0.850000 0.007292 0.012963
2 0.332813 0.849074 0.007292 0.012963
2 0.247917 0.848148 0.007292 0.012963