3 0.714323 0.534259 0.015104 0.027778
4 0.695312 0.524537 0.015625 0.026852
3 0.679948 0.570370 0.016146 0.027778
3 0.701562 0.667593 0.015625 0.025926
4 0.650521 0.753241 0.015625 0.026852
4 0.620833 0.785185 0.015625 0.027778
4 0.567187 0.346759 0.014583 0.028704
3 0.534115 0.395833 0.015104 0.026852
4 0.519531 0.731019 0.015104 0.026852
1 0.447396 0.769907 0.015625 0.028704
0 0.358333 0.686574 0.015625 0.026852
3 0.251042 0.327315 0.015625 0.026852
3 0.238021 0.505556 0.015625 0.025926
4 0.233073 0.712963 0.016146 0.027778
2 0.138542 0.657407 0.007292 0.012963
2 0.138021 0.506481 0.007292 0.012963
2 0.138021 0.354630 0.007292 0.012963
2 0.247396 0.161111 0.007292 0.012963
2 0.332292 0.160185 0.007292 0.012963
2 0.417187 0.160185 0.007292 0.012963
2 0.587500 0.160185 0.007292 0.012963
2 0.672396 0.160185 0.007292 0.012963
2 0.757812 0.161111 0.007292 0.012963
2 0.865625 0.355556 0.007292 0.012963
2 0.865625 0.506481 0.007292 0.012963
2 0.865104 0.657407 0.007292 0.012963
2 0.756250 0.849074 0.007292 0.012963
2 0.671354 0.850000 0.007292 0.012963
2 0.585938 0.850926 0.007292 0.012963
2 0.417708 0.850000 0.007292 0.012963
2 0.332813 0.850000 0.007292 0.012963
2 0.248438 0.849074 0.007292 0.012963