3 0.836198 0.579630 0.025521 0.042593
1 0.853906 0.393519 0.024479 0.042593
3 0.707552 0.231481 0.025521 0.042593
4 0.586198 0.178241 0.024479 0.045370
4 0.417187 0.793519 0.026042 0.042593
4 0.407813 0.733333 0.023958 0.042593
0 0.152344 0.466667 0.024479 0.040741
2 0.064062 0.689815 0.007292 0.012963
2 0.064583 0.501852 0.007292 0.012963
2 0.066146 0.316667 0.007292 0.012963
2 0.193750 0.087963 0.007292 0.012963
2 0.297917 0.088889 0.007292 0.012963
2 0.402604 0.088889 0.007292 0.012963
2 0.609375 0.086111 0.007292 0.012963
2 0.713542 0.086111 0.007292 0.012963
2 0.818229 0.084259 0.007292 0.012963
2 0.948958 0.312037 0.007292 0.012963
2 0.950521 0.500000 0.007292 0.012963
2 0.950521 0.686111 0.007292 0.012963
2 0.821354 0.915741 0.007292 0.012963
2 0.716146 0.915741 0.007292 0.012963
2 0.611458 0.915741 0.007292 0.012963
2 0.402604 0.915741 0.007292 0.012963
2 0.298438 0.918519 0.007292 0.012963
2 0.193229 0.917593 0.007292 0.012963