3 0.850781 0.500000 0.024479 0.042593
1 0.713542 0.416204 0.025000 0.041667
4 0.401562 0.760648 0.023958 0.041667
3 0.371354 0.809722 0.025000 0.041667
3 0.400260 0.665278 0.024479 0.041667
0 0.289844 0.502315 0.022396 0.041667
3 0.289062 0.456481 0.023958 0.040741
3 0.261458 0.451852 0.023958 0.040741
3 0.248177 0.537500 0.024479 0.041667
4 0.242448 0.475000 0.024479 0.040741
4 0.242708 0.419907 0.026042 0.043519
4 0.220833 0.491667 0.023958 0.042593
3 0.207813 0.414815 0.025000 0.042593
4 0.186979 0.337963 0.025000 0.042593
4 0.129948 0.615278 0.025521 0.043519
2 0.063542 0.688889 0.007292 0.012963
2 0.064583 0.501852 0.007292 0.012963
2 0.066146 0.314815 0.007292 0.012963
2 0.194271 0.087037 0.007292 0.012963
2 0.298958 0.087963 0.007292 0.012963
2 0.403125 0.088889 0.007292 0.012963
2 0.609896 0.087963 0.007292 0.012963
2 0.714063 0.086111 0.007292 0.012963
2 0.819271 0.086111 0.007292 0.012963
2 0.949479 0.313889 0.007292 0.012963
2 0.950000 0.501852 0.007292 0.012963
2 0.951042 0.687963 0.007292 0.012963
2 0.821875 0.918519 0.007292 0.012963
2 0.715625 0.916667 0.007292 0.012963
2 0.610938 0.916667 0.007292 0.012963
2 0.402083 0.917593 0.007292 0.012963
2 0.297396 0.918519 0.007292 0.012963
2 0.192188 0.919444 0.007292 0.012963