3 0.828385 0.504167 0.024479 0.041667
1 0.684375 0.424537 0.023958 0.043519
4 0.541667 0.257870 0.023958 0.041667
4 0.380208 0.175926 0.023958 0.042593
3 0.384635 0.299537 0.025521 0.041667
0 0.419531 0.494907 0.024479 0.039815
3 0.434635 0.803241 0.024479 0.041667
3 0.370833 0.808796 0.023958 0.041667
4 0.328125 0.778241 0.023958 0.043519
3 0.302604 0.765278 0.025000 0.043519
3 0.294271 0.458796 0.025000 0.041667
4 0.172135 0.230556 0.025521 0.044444
3 0.128125 0.364352 0.025000 0.041667
2 0.064062 0.686111 0.007292 0.012963
2 0.065625 0.500000 0.007292 0.012963
2 0.067187 0.314815 0.007292 0.012963
2 0.195312 0.088889 0.007292 0.012963
2 0.298958 0.088889 0.007292 0.012963
2 0.402604 0.088889 0.007292 0.012963
2 0.610417 0.087037 0.007292 0.012963
2 0.714063 0.087037 0.007292 0.012963
2 0.818229 0.086111 0.007292 0.012963
2 0.948958 0.313889 0.007292 0.012963
2 0.950000 0.500000 0.007292 0.012963
2 0.950521 0.687963 0.007292 0.012963
2 0.820312 0.916667 0.007292 0.012963
2 0.715104 0.915741 0.007292 0.012963
2 0.610938 0.915741 0.007292 0.012963
2 0.403125 0.917593 0.007292 0.012963
2 0.297917 0.916667 0.007292 0.012963
2 0.191667 0.917593 0.007292 0.012963