4 0.717448 0.394907 0.016146 0.028704
4 0.799219 0.529630 0.016146 0.027778
3 0.817969 0.659259 0.015104 0.027778
3 0.717448 0.645833 0.015104 0.025000
4 0.764844 0.723148 0.016146 0.027778
4 0.627865 0.676389 0.015104 0.026852
4 0.631250 0.625463 0.015625 0.028704
0 0.585156 0.307870 0.015104 0.026852
4 0.530990 0.244907 0.015104 0.026852
3 0.398177 0.266667 0.015104 0.027778
1 0.364583 0.633333 0.015625 0.027778
4 0.275260 0.448148 0.016146 0.027778
3 0.260156 0.669907 0.015104 0.026852
2 0.138021 0.657407 0.007292 0.012963
2 0.138542 0.506481 0.007292 0.012963
2 0.138021 0.355556 0.007292 0.012963
2 0.246875 0.161111 0.007292 0.012963
2 0.332292 0.160185 0.007292 0.012963
2 0.418229 0.161111 0.007292 0.012963
2 0.588021 0.161111 0.007292 0.012963
2 0.672917 0.161111 0.007292 0.012963
2 0.757812 0.161111 0.007292 0.012963
2 0.866146 0.356481 0.007292 0.012963
2 0.865625 0.506481 0.007292 0.012963
2 0.865625 0.658333 0.007292 0.012963
2 0.755729 0.850000 0.007292 0.012963
2 0.670833 0.850000 0.007292 0.012963
2 0.585938 0.850926 0.007292 0.012963
2 0.417708 0.850000 0.007292 0.012963
2 0.332292 0.849074 0.007292 0.012963
2 0.247917 0.849074 0.007292 0.012963