3 0.459115 0.438426 0.008854 0.017593
1 0.524479 0.477778 0.011458 0.020370
0 0.599740 0.509259 0.010937 0.020370
3 0.572656 0.550463 0.013021 0.023148
4 0.531771 0.537963 0.012500 0.022222
3 0.454427 0.495370 0.011979 0.020370
4 0.437500 0.499074 0.011458 0.020370
4 0.423438 0.534722 0.012500 0.021296
2 0.381250 0.559259 0.007292 0.009259
2 0.386458 0.536111 0.007292 0.009259
2 0.391667 0.516667 0.007292 0.009259
2 0.398958 0.477778 0.007292 0.009259
2 0.403125 0.461111 0.007292 0.009259
2 0.406771 0.444444 0.007292 0.009259
2 0.464583 0.426852 0.007292 0.009259
2 0.507812 0.427778 0.007292 0.009259
2 0.551562 0.427778 0.007292 0.009259
2 0.609375 0.447222 0.007292 0.009259
2 0.612500 0.463889 0.007292 0.009259
2 0.615625 0.480556 0.007292 0.009259
2 0.622917 0.518519 0.007292 0.009259
2 0.626563 0.539815 0.007292 0.009259
2 0.630729 0.562037 0.007292 0.009259
2 0.564583 0.591667 0.007292 0.009259
2 0.505729 0.590741 0.007292 0.009259
2 0.447396 0.589815 0.007292 0.009259