2 0.158768 0.459107 0.003845 0.002976
2 0.227116 0.441602 0.003042 0.003205
2 0.290509 0.426305 0.003042 0.003086
2 0.413463 0.433090 0.003711 0.004276
2 0.455613 0.454162 0.003488 0.003562
2 0.502488 0.477971 0.003786 0.003562
2 0.610189 0.533864 0.003711 0.002967
2 0.674324 0.566900 0.004601 0.004276
2 0.746199 0.603031 0.004304 0.004157
2 0.770231 0.707850 0.005938 0.006176
2 0.695899 0.752374 0.006679 0.005700
2 0.611263 0.803026 0.007051 0.007005
2 0.383772 0.784576 0.005640 0.005343
2 0.318594 0.723326 0.005640 0.005700
2 0.262679 0.671302 0.005714 0.005462
2 0.172390 0.585233 0.004304 0.003800
2 0.134853 0.550650 0.004229 0.004157
2 0.101259 0.518743 0.004899 0.005105
3 0.187927 0.540267 0.015735 0.025295
3 0.222711 0.530802 0.015661 0.025414
3 0.351077 0.448390 0.012274 0.019638
3 0.392149 0.443679 0.012274 0.020690
3 0.397074 0.507698 0.013196 0.023014
3 0.640753 0.665255 0.017815 0.031462
4 0.589760 0.649276 0.018211 0.029981
4 0.257973 0.619583 0.016542 0.027738
4 0.603607 0.573710 0.016143 0.027419
0 0.536250 0.646255 0.018333 0.029652
1 0.498939 0.515926 0.013949 0.024233
3 0.355598 0.687214 0.019530 0.032524