3 0.249699 0.248138 0.017851 0.027705
3 0.230539 0.321612 0.015839 0.025129
3 0.397512 0.401150 0.017048 0.027062
1 0.477536 0.282445 0.017571 0.027748
4 0.630720 0.280581 0.016202 0.025924
4 0.715289 0.441240 0.016887 0.026290
3 0.757253 0.414279 0.016887 0.026652
0 0.684475 0.493145 0.015973 0.026290
3 0.640515 0.732095 0.014958 0.024190
4 0.505493 0.752469 0.017533 0.027795
3 0.332607 0.727410 0.016405 0.026248
3 0.333122 0.668800 0.016244 0.025219
2 0.248238 0.814474 0.004810 0.007995
2 0.332777 0.814550 0.004244 0.008148
2 0.417568 0.815252 0.005375 0.008600
2 0.586598 0.815426 0.004149 0.007995
2 0.671202 0.814824 0.004905 0.006790
2 0.755787 0.814498 0.004432 0.007090
2 0.864999 0.641867 0.004997 0.007543
2 0.865704 0.505902 0.004622 0.007995
2 0.866473 0.370167 0.005565 0.008905
2 0.757951 0.195102 0.005188 0.008300
2 0.672393 0.194474 0.004905 0.007995
2 0.587353 0.194150 0.005658 0.008300
2 0.417223 0.193900 0.005280 0.008752
2 0.331821 0.194626 0.004714 0.008300
2 0.246500 0.194800 0.004905 0.007695
2 0.137963 0.369864 0.005092 0.008300
2 0.138417 0.505955 0.004810 0.009052
2 0.138856 0.642019 0.005092 0.007848