3 0.827865 0.503704 0.024479 0.042593
0 0.732552 0.399074 0.025521 0.042593
3 0.288802 0.843981 0.024479 0.041667
1 0.150260 0.418981 0.024479 0.043519
3 0.148177 0.573148 0.024479 0.040741
3 0.108333 0.319444 0.025000 0.042593
2 0.064062 0.687037 0.007292 0.012963
2 0.065625 0.500000 0.007292 0.012963
2 0.066146 0.312037 0.007292 0.012963
2 0.195833 0.087037 0.007292 0.012963
2 0.298958 0.087037 0.007292 0.012963
2 0.402083 0.089815 0.007292 0.012963
2 0.610938 0.087037 0.007292 0.012963
2 0.714583 0.087037 0.007292 0.012963
2 0.818750 0.086111 0.007292 0.012963
2 0.950000 0.315741 0.007292 0.012963
2 0.950000 0.500926 0.007292 0.012963
2 0.950000 0.686111 0.007292 0.012963
2 0.821354 0.916667 0.007292 0.012963
2 0.715625 0.916667 0.007292 0.012963
2 0.610938 0.914815 0.007292 0.012963
2 0.402083 0.915741 0.007292 0.012963
2 0.297396 0.916667 0.007292 0.012963
2 0.193229 0.916667 0.007292 0.012963