3 0.708333 0.580093 0.025000 0.043519
4 0.614062 0.807870 0.023958 0.043519
4 0.639062 0.175000 0.026042 0.044444
4 0.561979 0.157870 0.025000 0.043519
4 0.352604 0.377778 0.023958 0.042593
0 0.252865 0.500463 0.023438 0.041667
3 0.258854 0.390741 0.023958 0.042593
4 0.229167 0.476852 0.023958 0.042593
1 0.210677 0.382407 0.024479 0.042593
3 0.185938 0.531944 0.023958 0.041667
3 0.109635 0.365741 0.024479 0.042593
2 0.194271 0.083333 0.007292 0.012963
2 0.300000 0.088889 0.007292 0.012963
2 0.402604 0.090741 0.007292 0.012963
2 0.611458 0.087037 0.007292 0.012963
2 0.714583 0.086111 0.007292 0.012963
2 0.820312 0.085185 0.007292 0.012963
2 0.950521 0.314815 0.007292 0.012963
2 0.950521 0.501852 0.007292 0.012963
2 0.952604 0.689815 0.007292 0.012963
2 0.822396 0.919444 0.007292 0.012963
2 0.717187 0.917593 0.007292 0.012963
2 0.611458 0.917593 0.007292 0.012963
2 0.401562 0.917593 0.007292 0.012963
2 0.299479 0.915741 0.007292 0.012963
2 0.192188 0.918519 0.007292 0.012963
2 0.063021 0.684259 0.007292 0.012963
2 0.065104 0.500000 0.007292 0.012963
2 0.065625 0.312963 0.007292 0.012963