3 0.887760 0.568056 0.025521 0.043519
4 0.739062 0.712963 0.023958 0.042593
4 0.613281 0.807870 0.024479 0.043519
4 0.637760 0.175463 0.025521 0.043519
4 0.561458 0.158333 0.025000 0.044444
3 0.258594 0.390278 0.024479 0.041667
0 0.252604 0.499537 0.022917 0.039815
4 0.229427 0.476389 0.024479 0.041667
1 0.207031 0.508333 0.024479 0.042593
3 0.159635 0.504630 0.024479 0.040741
3 0.109115 0.365741 0.024479 0.040741
2 0.064583 0.686111 0.007292 0.012963
2 0.065625 0.498148 0.007292 0.012963
2 0.066667 0.313889 0.007292 0.012963
2 0.194792 0.086111 0.007292 0.012963
2 0.300000 0.087037 0.007292 0.012963
2 0.401562 0.087963 0.007292 0.012963
2 0.610417 0.088889 0.007292 0.012963
2 0.715104 0.087963 0.007292 0.012963
2 0.819792 0.086111 0.007292 0.012963
2 0.950521 0.314815 0.007292 0.012963
2 0.950521 0.501852 0.007292 0.012963
2 0.951042 0.688889 0.007292 0.012963
2 0.821354 0.917593 0.007292 0.012963
2 0.715104 0.915741 0.007292 0.012963
2 0.610938 0.915741 0.007292 0.012963
2 0.401562 0.915741 0.007292 0.012963
2 0.297917 0.916667 0.007292 0.012963
2 0.192188 0.916667 0.007292 0.012963