4 0.613802 0.807407 0.024479 0.042593
3 0.707552 0.580093 0.025521 0.043519
4 0.638021 0.175000 0.026042 0.044444
4 0.561979 0.157870 0.025000 0.043519
4 0.352604 0.375926 0.023958 0.042593
3 0.258594 0.391204 0.024479 0.041667
0 0.252083 0.499074 0.022917 0.040741
4 0.228385 0.476389 0.024479 0.041667
1 0.210677 0.382407 0.024479 0.042593
3 0.186198 0.532407 0.024479 0.040741
3 0.108854 0.364815 0.025000 0.040741
2 0.064062 0.686111 0.007292 0.012963
2 0.065104 0.500926 0.007292 0.012963
2 0.066667 0.312963 0.007292 0.012963
2 0.194792 0.087037 0.007292 0.012963
2 0.298958 0.087963 0.007292 0.012963
2 0.403125 0.087037 0.007292 0.012963
2 0.610938 0.087963 0.007292 0.012963
2 0.715104 0.087037 0.007292 0.012963
2 0.819792 0.085185 0.007292 0.012963
2 0.949479 0.313889 0.007292 0.012963
2 0.951042 0.500926 0.007292 0.012963
2 0.952083 0.689815 0.007292 0.012963
2 0.821875 0.918519 0.007292 0.012963
2 0.716146 0.916667 0.007292 0.012963
2 0.611979 0.915741 0.007292 0.012963
2 0.402604 0.916667 0.007292 0.012963
2 0.297396 0.916667 0.007292 0.012963
2 0.192188 0.917593 0.007292 0.012963