1 0.852344 0.425463 0.025521 0.041667
4 0.686719 0.830556 0.024479 0.042593
4 0.613281 0.808333 0.024479 0.042593
3 0.584375 0.600926 0.025000 0.042593
4 0.638021 0.175463 0.026042 0.043519
4 0.561719 0.158796 0.025521 0.043519
3 0.258854 0.391667 0.023958 0.042593
0 0.252083 0.500463 0.023958 0.041667
4 0.233073 0.649537 0.024479 0.041667
3 0.159635 0.506019 0.024479 0.041667
3 0.144271 0.212500 0.025000 0.041667
2 0.063542 0.686111 0.007292 0.012963
2 0.065104 0.499074 0.007292 0.012963
2 0.065625 0.312037 0.007292 0.012963
2 0.193750 0.087037 0.007292 0.012963
2 0.298958 0.087963 0.007292 0.012963
2 0.403125 0.088889 0.007292 0.012963
2 0.610417 0.087037 0.007292 0.012963
2 0.714063 0.085185 0.007292 0.012963
2 0.820312 0.085185 0.007292 0.012963
2 0.950000 0.313889 0.007292 0.012963
2 0.951042 0.501852 0.007292 0.012963
2 0.951562 0.687963 0.007292 0.012963
2 0.821875 0.918519 0.007292 0.012963
2 0.715625 0.917593 0.007292 0.012963
2 0.611458 0.915741 0.007292 0.012963
2 0.402083 0.917593 0.007292 0.012963
2 0.297917 0.917593 0.007292 0.012963
2 0.192188 0.917593 0.007292 0.012963