1 0.748958 0.535185 0.023958 0.042593
4 0.821094 0.421296 0.024479 0.042593
4 0.706250 0.347685 0.025000 0.043519
4 0.666406 0.471296 0.025521 0.042593
4 0.687240 0.831481 0.024479 0.042593
4 0.613802 0.806944 0.024479 0.043519
0 0.267708 0.502315 0.023958 0.041667
3 0.121094 0.387963 0.024479 0.040741
2 0.063542 0.687037 0.007292 0.012963
2 0.065104 0.501852 0.007292 0.012963
2 0.066667 0.313889 0.007292 0.012963
2 0.194271 0.086111 0.007292 0.012963
2 0.298438 0.087963 0.007292 0.012963
2 0.403125 0.087037 0.007292 0.012963
2 0.610938 0.087963 0.007292 0.012963
2 0.714583 0.087037 0.007292 0.012963
2 0.819792 0.086111 0.007292 0.012963
2 0.950521 0.312963 0.007292 0.012963
2 0.951042 0.500926 0.007292 0.012963
2 0.951562 0.690741 0.007292 0.012963
2 0.821875 0.919444 0.007292 0.012963
2 0.715625 0.916667 0.007292 0.012963
2 0.611458 0.917593 0.007292 0.012963
2 0.402604 0.916667 0.007292 0.012963
2 0.297917 0.916667 0.007292 0.012963
2 0.192188 0.917593 0.007292 0.012963