3 0.815365 0.185185 0.023438 0.040741
3 0.817187 0.301389 0.022917 0.039815
4 0.778125 0.535648 0.023958 0.041667
4 0.768490 0.770370 0.024479 0.042593
3 0.733594 0.741667 0.022396 0.040741
1 0.722656 0.527778 0.024479 0.040741
3 0.614583 0.398148 0.023958 0.040741
0 0.599740 0.571296 0.022396 0.040741
4 0.591667 0.674537 0.022917 0.041667
3 0.565365 0.579167 0.023438 0.041667
4 0.490885 0.449074 0.023438 0.038889
4 0.440885 0.585648 0.023438 0.041667
4 0.237240 0.770370 0.023438 0.040741
2 0.065625 0.682407 0.007292 0.012963
2 0.065625 0.499074 0.007292 0.012963
2 0.065625 0.314815 0.007292 0.012963
2 0.192188 0.089815 0.007292 0.012963
2 0.295833 0.089815 0.007292 0.012963
2 0.398958 0.091667 0.007292 0.012963
2 0.603125 0.090741 0.007292 0.012963
2 0.706771 0.089815 0.007292 0.012963
2 0.810417 0.088889 0.007292 0.012963
2 0.937500 0.312963 0.007292 0.012963
2 0.936979 0.498148 0.007292 0.012963
2 0.938021 0.682407 0.007292 0.012963
2 0.811458 0.908333 0.007292 0.012963
2 0.707292 0.909259 0.007292 0.012963
2 0.604167 0.909259 0.007292 0.012963
2 0.398958 0.909259 0.007292 0.012963
2 0.296354 0.908333 0.007292 0.012963
2 0.191667 0.908333 0.007292 0.012963