2 0.241387 0.458886 0.003607 0.003486
2 0.305580 0.444300 0.003423 0.002886
2 0.365042 0.430490 0.003298 0.002886
2 0.482068 0.439083 0.003423 0.003881
2 0.522545 0.461293 0.003423 0.002586
2 0.567374 0.485650 0.003795 0.003681
2 0.671757 0.541890 0.004229 0.003781
2 0.734414 0.575879 0.004542 0.003186
2 0.804634 0.613669 0.005101 0.004481
2 0.827186 0.717450 0.006158 0.005376
2 0.753439 0.758750 0.006283 0.006071
2 0.670043 0.805517 0.006158 0.006271
2 0.450121 0.778524 0.005598 0.006571
2 0.388607 0.716695 0.005786 0.005771
2 0.336307 0.664343 0.005351 0.004876
2 0.252600 0.580386 0.004604 0.004581
2 0.217964 0.545424 0.004976 0.004181
2 0.187359 0.514271 0.004479 0.003781
4 0.323403 0.496436 0.012878 0.022395
4 0.549287 0.753631 0.020003 0.034881
4 0.486219 0.649864 0.017080 0.030205
4 0.644254 0.632002 0.017080 0.028767
4 0.634690 0.647357 0.016405 0.028048
4 0.625768 0.665514 0.018202 0.029124
4 0.570360 0.533888 0.013935 0.023014
3 0.545360 0.522871 0.013935 0.021933
3 0.472516 0.520967 0.013485 0.021933
3 0.563521 0.604257 0.015732 0.026610
3 0.568249 0.661526 0.016854 0.028767
3 0.608400 0.742193 0.019777 0.032005
3 0.717025 0.676055 0.017979 0.030205
0 0.619030 0.651050 0.016631 0.028767
1 0.447920 0.491802 0.011911 0.022652