4 0.274802 0.576857 0.017461 0.027048
1 0.342677 0.381083 0.019878 0.028833
3 0.419557 0.411174 0.017089 0.026157
3 0.468126 0.311829 0.015420 0.025562
4 0.503338 0.301383 0.015604 0.024671
3 0.607635 0.454507 0.014676 0.026157
4 0.686893 0.408910 0.017833 0.027343
4 0.699914 0.448348 0.017089 0.025267
4 0.715186 0.486648 0.017277 0.028533
3 0.683881 0.546529 0.015976 0.027343
4 0.629900 0.622336 0.016348 0.024671
3 0.770246 0.404031 0.017277 0.026157
3 0.780905 0.613405 0.015976 0.025857
4 0.767195 0.685369 0.016533 0.028833
0 0.696551 0.472562 0.016911 0.025124
2 0.248454 0.814429 0.005241 0.008857
2 0.332890 0.815240 0.005065 0.008576
2 0.417862 0.815052 0.004771 0.008200
2 0.586729 0.815481 0.005006 0.008105
2 0.671103 0.814910 0.005301 0.007914
2 0.756016 0.815052 0.004890 0.008200
2 0.865009 0.642043 0.005018 0.007895
2 0.865391 0.506464 0.005188 0.008167
2 0.866199 0.369933 0.005018 0.008438
2 0.757612 0.194967 0.005699 0.008981
2 0.672534 0.194695 0.005783 0.008438
2 0.587374 0.194150 0.005104 0.009252
2 0.417305 0.194695 0.005443 0.008438
2 0.331845 0.194831 0.005357 0.007757
2 0.246685 0.194831 0.005274 0.008710
2 0.137969 0.369457 0.005699 0.008438
2 0.138479 0.506124 0.004935 0.008438
2 0.138903 0.641905 0.005188 0.007619