3 0.888021 0.686111 0.022917 0.040741
3 0.777865 0.275926 0.023438 0.040741
3 0.722135 0.631481 0.023438 0.040741
3 0.704167 0.786111 0.022917 0.040741
1 0.689844 0.633796 0.023438 0.041667
4 0.658333 0.637500 0.023958 0.041667
3 0.640625 0.746296 0.022917 0.040741
4 0.509896 0.520833 0.023958 0.041667
0 0.490365 0.375926 0.022396 0.040741
4 0.477083 0.435648 0.023958 0.041667
3 0.411458 0.600000 0.021875 0.040741
4 0.193229 0.743056 0.023958 0.041667
2 0.192708 0.090741 0.007292 0.012963
2 0.295833 0.091667 0.007292 0.012963
2 0.398438 0.091667 0.007292 0.012963
2 0.603646 0.091667 0.007292 0.012963
2 0.706771 0.089815 0.007292 0.012963
2 0.809896 0.088889 0.007292 0.012963
2 0.937500 0.312963 0.007292 0.012963
2 0.938021 0.498148 0.007292 0.012963
2 0.937500 0.682407 0.007292 0.012963
2 0.810937 0.909259 0.007292 0.012963
2 0.707812 0.910185 0.007292 0.012963
2 0.604167 0.910185 0.007292 0.012963
2 0.398438 0.908333 0.007292 0.012963
2 0.296354 0.908333 0.007292 0.012963
2 0.191667 0.909259 0.007292 0.012963
2 0.065104 0.682407 0.007292 0.012963
2 0.066146 0.499074 0.007292 0.012963
2 0.066146 0.314815 0.007292 0.012963