4 0.821354 0.776852 0.023958 0.042593
3 0.688021 0.831481 0.022917 0.040741
4 0.787500 0.713889 0.023958 0.040741
0 0.700781 0.429630 0.022396 0.040741
1 0.528125 0.425926 0.022917 0.040741
4 0.453385 0.375463 0.023438 0.041667
2 0.192708 0.091667 0.007292 0.012963
2 0.295312 0.091667 0.007292 0.012963
2 0.398438 0.092593 0.007292 0.012963
2 0.603646 0.091667 0.007292 0.012963
2 0.706250 0.090741 0.007292 0.012963
2 0.810417 0.089815 0.007292 0.012963
2 0.936979 0.312963 0.007292 0.012963
2 0.938021 0.499074 0.007292 0.012963
2 0.939063 0.683333 0.007292 0.012963
2 0.812500 0.909259 0.007292 0.012963
2 0.707292 0.908333 0.007292 0.012963
2 0.604167 0.908333 0.007292 0.012963
2 0.399479 0.909259 0.007292 0.012963
2 0.296354 0.909259 0.007292 0.012963
2 0.192188 0.909259 0.007292 0.012963
2 0.065625 0.682407 0.007292 0.012963
2 0.065625 0.499074 0.007292 0.012963
2 0.065625 0.315741 0.007292 0.012963