3 0.815625 0.185648 0.022917 0.041667
3 0.816667 0.301852 0.021875 0.040741
3 0.854427 0.440741 0.023438 0.040741
4 0.850521 0.673611 0.025000 0.041667
4 0.778385 0.534722 0.024479 0.041667
3 0.753385 0.581481 0.023438 0.040741
3 0.734115 0.741204 0.022396 0.039815
0 0.719010 0.500926 0.022396 0.040741
3 0.614323 0.398148 0.023438 0.040741
1 0.622135 0.660648 0.023438 0.041667
4 0.591927 0.674537 0.023438 0.041667
3 0.566146 0.578241 0.023958 0.041667
4 0.491406 0.449074 0.023438 0.038889
4 0.441146 0.585185 0.023958 0.040741
4 0.237760 0.769907 0.024479 0.041667
2 0.191146 0.090741 0.007292 0.012963
2 0.294792 0.090741 0.007292 0.012963
2 0.397396 0.090741 0.007292 0.012963
2 0.603646 0.090741 0.007292 0.012963
2 0.706771 0.088889 0.007292 0.012963
2 0.809896 0.088889 0.007292 0.012963
2 0.936979 0.313889 0.007292 0.012963
2 0.937500 0.497222 0.007292 0.012963
2 0.938021 0.681481 0.007292 0.012963
2 0.810937 0.909259 0.007292 0.012963
2 0.707292 0.909259 0.007292 0.012963
2 0.604167 0.909259 0.007292 0.012963
2 0.398958 0.909259 0.007292 0.012963
2 0.295312 0.909259 0.007292 0.012963
2 0.192188 0.909259 0.007292 0.012963
2 0.064583 0.683333 0.007292 0.012963
2 0.066146 0.499074 0.007292 0.012963
2 0.065104 0.314815 0.007292 0.012963