1 0.869010 0.159722 0.024479 0.041667
3 0.815625 0.185185 0.022917 0.040741
3 0.818490 0.303704 0.022396 0.040741
4 0.778125 0.534722 0.023958 0.041667
4 0.769010 0.769907 0.024479 0.041667
3 0.733854 0.741667 0.021875 0.040741
3 0.657031 0.662963 0.023438 0.042593
0 0.599219 0.572222 0.022396 0.040741
4 0.590365 0.710648 0.022396 0.041667
4 0.238542 0.769907 0.023958 0.041667
3 0.254167 0.256481 0.023958 0.040741
2 0.192708 0.090741 0.007292 0.012963
2 0.295312 0.090741 0.007292 0.012963
2 0.398438 0.092593 0.007292 0.012963
2 0.603125 0.091667 0.007292 0.012963
2 0.705729 0.089815 0.007292 0.012963
2 0.809896 0.088889 0.007292 0.012963
2 0.937500 0.312963 0.007292 0.012963
2 0.937500 0.496296 0.007292 0.012963
2 0.938021 0.680556 0.007292 0.012963
2 0.810937 0.908333 0.007292 0.012963
2 0.707292 0.909259 0.007292 0.012963
2 0.604167 0.910185 0.007292 0.012963
2 0.399479 0.909259 0.007292 0.012963
2 0.295833 0.910185 0.007292 0.012963
2 0.192708 0.909259 0.007292 0.012963
2 0.064583 0.682407 0.007292 0.012963
2 0.064583 0.500000 0.007292 0.012963
2 0.065625 0.315741 0.007292 0.012963