1 0.428646 0.573611 0.019792 0.034259
3 0.296875 0.606944 0.018750 0.037963
3 0.310677 0.611574 0.020313 0.037963
3 0.166406 0.608796 0.021354 0.037963
0 0.291146 0.650000 0.021875 0.040741
2 0.427604 0.787963 0.011458 0.012963
2 0.366667 0.754630 0.011458 0.012963
2 0.309896 0.723148 0.011458 0.012963
2 0.208854 0.670370 0.011458 0.012963
2 0.162500 0.646296 0.011458 0.012963
2 0.119271 0.623148 0.011458 0.012963
2 0.178125 0.582407 0.011458 0.012963
2 0.260417 0.572222 0.011458 0.012963
2 0.338542 0.561111 0.011458 0.012963
2 0.484896 0.571296 0.011458 0.012963
2 0.533333 0.589815 0.011458 0.012963
2 0.585938 0.608333 0.011458 0.012963
2 0.701562 0.651852 0.011458 0.012963
2 0.767188 0.675926 0.011458 0.012963
2 0.838542 0.702778 0.011458 0.012963
2 0.830208 0.759259 0.011458 0.012963
2 0.739583 0.779630 0.011458 0.012963
2 0.641667 0.801852 0.011458 0.012963