2 0.404589 0.211638 0.005012 0.005181
2 0.506167 0.212005 0.004595 0.004010
2 0.607461 0.212421 0.004804 0.004843
2 0.748339 0.272981 0.005012 0.005010
2 0.757722 0.324243 0.005324 0.004676
2 0.768034 0.379648 0.005116 0.005010
2 0.790878 0.504269 0.006161 0.005681
2 0.803817 0.575614 0.005848 0.005514
2 0.818170 0.654126 0.006577 0.006348
2 0.650015 0.765638 0.006577 0.006514
2 0.503095 0.764126 0.006786 0.006348
2 0.356369 0.763174 0.006786 0.006348
2 0.190387 0.649983 0.006369 0.005681
2 0.205440 0.571888 0.007310 0.005681
2 0.219159 0.500712 0.004985 0.005233
2 0.243375 0.376879 0.005202 0.005186
2 0.253942 0.321460 0.005503 0.004824
2 0.264057 0.270326 0.004899 0.004462
4 0.449310 0.295433 0.019452 0.031819
4 0.319101 0.673176 0.023917 0.040638
4 0.395443 0.547567 0.022435 0.038943
4 0.488765 0.674774 0.024554 0.040976
4 0.522759 0.623621 0.023494 0.039624
4 0.599055 0.597262 0.023705 0.039286
4 0.684988 0.448424 0.021167 0.035895
3 0.585351 0.389007 0.020107 0.034205
3 0.551482 0.530193 0.022012 0.036576
3 0.608003 0.676679 0.024339 0.040976
3 0.464915 0.594881 0.023283 0.039286
3 0.392336 0.687938 0.024554 0.040638
1 0.551885 0.631240 0.022223 0.039624
0 0.537025 0.607398 0.022860 0.038605