4 0.880990 0.286111 0.023438 0.042593
3 0.758854 0.189815 0.023958 0.040741
4 0.781250 0.550926 0.023958 0.040741
4 0.706771 0.478704 0.023958 0.040741
0 0.532552 0.479630 0.022396 0.040741
4 0.482292 0.469907 0.022917 0.041667
4 0.392708 0.507870 0.023958 0.041667
3 0.362760 0.644444 0.022396 0.040741
4 0.281771 0.649074 0.023958 0.040741
4 0.363021 0.186574 0.023958 0.039815
3 0.162500 0.426389 0.023958 0.041667
1 0.136458 0.710648 0.023958 0.041667
2 0.064583 0.682407 0.007292 0.012963
2 0.066146 0.500000 0.007292 0.012963
2 0.065625 0.313889 0.007292 0.012963
2 0.192708 0.089815 0.007292 0.012963
2 0.295833 0.090741 0.007292 0.012963
2 0.398438 0.090741 0.007292 0.012963
2 0.603646 0.090741 0.007292 0.012963
2 0.706771 0.089815 0.007292 0.012963
2 0.809896 0.089815 0.007292 0.012963
2 0.937500 0.312963 0.007292 0.012963
2 0.937500 0.497222 0.007292 0.012963
2 0.938021 0.682407 0.007292 0.012963
2 0.811458 0.910185 0.007292 0.012963
2 0.706771 0.910185 0.007292 0.012963
2 0.604167 0.909259 0.007292 0.012963
2 0.399479 0.909259 0.007292 0.012963
2 0.296354 0.910185 0.007292 0.012963
2 0.192188 0.909259 0.007292 0.012963