3 0.618750 0.460185 0.017708 0.029630
3 0.554688 0.531944 0.017708 0.030556
0 0.470573 0.555556 0.018229 0.033333
4 0.433333 0.293981 0.015625 0.026852
4 0.336458 0.386111 0.015625 0.029630
4 0.343490 0.620370 0.019271 0.035185
1 0.379167 0.724537 0.020833 0.026852
4 0.285156 0.686574 0.020313 0.036111
2 0.242188 0.637963 0.007292 0.012963
2 0.257812 0.555556 0.007292 0.012963
2 0.273438 0.483333 0.007292 0.012963
2 0.298958 0.362037 0.007292 0.012963
2 0.310417 0.309259 0.007292 0.012963
2 0.320312 0.262037 0.007292 0.012963
2 0.427083 0.207407 0.007292 0.012963
2 0.500521 0.209259 0.007292 0.012963
2 0.574479 0.209259 0.007292 0.012963
2 0.680208 0.264815 0.007292 0.012963
2 0.688542 0.312963 0.007292 0.012963
2 0.696354 0.365741 0.007292 0.012963
2 0.717708 0.488889 0.007292 0.012963
2 0.730208 0.562037 0.007292 0.012963
2 0.743750 0.645370 0.007292 0.012963
2 0.609375 0.768519 0.007292 0.012963
2 0.488542 0.766667 0.007292 0.012963
2 0.368750 0.763889 0.007292 0.012963