4 0.765365 0.723611 0.016146 0.028704
3 0.818229 0.659722 0.015625 0.026852
4 0.799219 0.529630 0.016146 0.027778
4 0.718490 0.394444 0.016146 0.027778
3 0.716667 0.644444 0.015625 0.025926
1 0.620833 0.724074 0.015625 0.027778
4 0.627344 0.676389 0.015104 0.026852
4 0.630208 0.625000 0.015625 0.027778
3 0.515885 0.630093 0.015104 0.026852
0 0.584896 0.306944 0.015625 0.026852
4 0.530990 0.244907 0.015104 0.026852
3 0.398698 0.266667 0.015104 0.027778
4 0.274479 0.447222 0.015625 0.027778
3 0.259896 0.669444 0.015625 0.025926
2 0.139063 0.657407 0.007292 0.012963
2 0.138542 0.507407 0.007292 0.012963
2 0.138021 0.354630 0.007292 0.012963
2 0.246875 0.161111 0.007292 0.012963
2 0.332292 0.160185 0.007292 0.012963
2 0.417708 0.160185 0.007292 0.012963
2 0.587500 0.160185 0.007292 0.012963
2 0.672917 0.160185 0.007292 0.012963
2 0.757812 0.161111 0.007292 0.012963
2 0.865625 0.354630 0.007292 0.012963
2 0.865625 0.507407 0.007292 0.012963
2 0.865104 0.658333 0.007292 0.012963
2 0.755729 0.850000 0.007292 0.012963
2 0.671354 0.850000 0.007292 0.012963
2 0.586458 0.850926 0.007292 0.012963
2 0.417187 0.850000 0.007292 0.012963
2 0.332813 0.850000 0.007292 0.012963
2 0.247917 0.849074 0.007292 0.012963