3 0.849479 0.281481 0.026042 0.042593
1 0.871875 0.522222 0.025000 0.042593
3 0.827865 0.504630 0.024479 0.042593
0 0.452604 0.435185 0.023958 0.040741
3 0.200260 0.802315 0.024479 0.041667
3 0.188281 0.551389 0.024479 0.041667
3 0.119792 0.375000 0.025000 0.042593
2 0.064583 0.687037 0.007292 0.012963
2 0.065625 0.500926 0.007292 0.012963
2 0.066667 0.314815 0.007292 0.012963
2 0.194792 0.087963 0.007292 0.012963
2 0.299479 0.087963 0.007292 0.012963
2 0.402604 0.088889 0.007292 0.012963
2 0.610417 0.087963 0.007292 0.012963
2 0.714583 0.087037 0.007292 0.012963
2 0.818750 0.086111 0.007292 0.012963
2 0.948958 0.313889 0.007292 0.012963
2 0.950000 0.500000 0.007292 0.012963
2 0.951042 0.687963 0.007292 0.012963
2 0.821354 0.916667 0.007292 0.012963
2 0.715625 0.916667 0.007292 0.012963
2 0.611458 0.916667 0.007292 0.012963
2 0.402604 0.915741 0.007292 0.012963
2 0.297917 0.915741 0.007292 0.012963
2 0.192708 0.914815 0.007292 0.012963