3 0.902604 0.420370 0.013542 0.016667
1 0.880729 0.405093 0.013542 0.023148
4 0.851562 0.371759 0.013542 0.023148
4 0.796354 0.390278 0.013542 0.023148
4 0.811458 0.435648 0.013542 0.023148
3 0.744271 0.352778 0.012500 0.020370
0 0.752083 0.397222 0.012500 0.022222
4 0.730469 0.482407 0.015104 0.025926
3 0.661458 0.437500 0.013542 0.023148
3 0.562500 0.432870 0.013542 0.023148
3 0.440885 0.516204 0.014063 0.025000
3 0.421615 0.511111 0.014063 0.025926
4 0.354167 0.515741 0.014583 0.025926
2 0.353646 0.439815 0.011458 0.012963
2 0.414583 0.414815 0.011458 0.012963
2 0.472396 0.390741 0.011458 0.012963
2 0.578646 0.346296 0.011458 0.012963
2 0.627604 0.325926 0.011458 0.012963
2 0.673958 0.306481 0.011458 0.012963
2 0.791667 0.313889 0.011458 0.012963
2 0.842187 0.338889 0.011458 0.012963
2 0.896354 0.366667 0.011458 0.012963
2 0.915104 0.437037 0.011458 0.012963
2 0.868229 0.463889 0.011458 0.012963
2 0.817708 0.492593 0.011458 0.012963
2 0.707292 0.554630 0.011458 0.012963
2 0.646354 0.588889 0.011458 0.012963
2 0.580729 0.625926 0.011458 0.012963
2 0.417187 0.612037 0.011458 0.012963
2 0.367708 0.566667 0.011458 0.012963
2 0.322396 0.524074 0.011458 0.012963