3 0.883333 0.563889 0.025000 0.042593
3 0.857812 0.582407 0.026042 0.042593
3 0.538021 0.832407 0.023958 0.042593
3 0.532292 0.215278 0.023958 0.041667
4 0.403385 0.301389 0.024479 0.041667
3 0.347656 0.279630 0.024479 0.042593
4 0.282813 0.479167 0.023958 0.041667
0 0.261198 0.512500 0.024479 0.041667
3 0.289583 0.305556 0.025000 0.042593
3 0.228125 0.332870 0.023958 0.041667
1 0.130729 0.427778 0.025000 0.042593
2 0.194271 0.088889 0.007292 0.012963
2 0.298438 0.088889 0.007292 0.012963
2 0.402083 0.088889 0.007292 0.012963
2 0.609896 0.087037 0.007292 0.012963
2 0.713542 0.086111 0.007292 0.012963
2 0.818229 0.085185 0.007292 0.012963
2 0.948958 0.312037 0.007292 0.012963
2 0.950000 0.498148 0.007292 0.012963
2 0.950521 0.685185 0.007292 0.012963
2 0.821354 0.914815 0.007292 0.012963
2 0.716146 0.914815 0.007292 0.012963
2 0.611979 0.914815 0.007292 0.012963
2 0.403125 0.916667 0.007292 0.012963
2 0.299479 0.917593 0.007292 0.012963
2 0.193750 0.917593 0.007292 0.012963
2 0.065104 0.687963 0.007292 0.012963
2 0.066146 0.501852 0.007292 0.012963
2 0.066667 0.315741 0.007292 0.012963