4 0.613542 0.230093 0.012500 0.021296
4 0.641667 0.270833 0.015625 0.026852
4 0.494792 0.258796 0.014583 0.026852
4 0.593750 0.368056 0.015625 0.028704
4 0.653646 0.573611 0.018750 0.032407
4 0.429167 0.450463 0.016667 0.030556
1 0.535156 0.491204 0.017188 0.030556
3 0.505990 0.584259 0.019271 0.033333
3 0.452865 0.572222 0.018229 0.031481
3 0.466667 0.673148 0.019792 0.035185
0 0.401302 0.657407 0.019271 0.035185
2 0.241146 0.637963 0.007292 0.012963
2 0.258854 0.555556 0.007292 0.012963
2 0.273438 0.483333 0.007292 0.012963
2 0.299479 0.362037 0.007292 0.012963
2 0.310417 0.309259 0.007292 0.012963
2 0.320312 0.262037 0.007292 0.012963
2 0.427083 0.207407 0.007292 0.012963
2 0.500521 0.208333 0.007292 0.012963
2 0.575000 0.209259 0.007292 0.012963
2 0.680208 0.264815 0.007292 0.012963
2 0.696875 0.364815 0.007292 0.012963
2 0.717708 0.488889 0.007292 0.012963
2 0.730208 0.562963 0.007292 0.012963
2 0.744271 0.645370 0.007292 0.012963
2 0.608854 0.768519 0.007292 0.012963
2 0.489063 0.766667 0.007292 0.012963
2 0.369271 0.764815 0.007292 0.012963