1 0.621875 0.424537 0.014583 0.025000
3 0.501302 0.429167 0.014063 0.015741
3 0.501823 0.442130 0.013021 0.023148
3 0.428125 0.420833 0.012500 0.023148
0 0.444531 0.466667 0.014063 0.025926
2 0.341146 0.581481 0.007292 0.009259
2 0.348438 0.550926 0.007292 0.009259
2 0.354167 0.522222 0.007292 0.009259
2 0.365104 0.472222 0.007292 0.009259
2 0.370312 0.449074 0.007292 0.009259
2 0.375000 0.428704 0.007292 0.009259
2 0.451562 0.403704 0.007292 0.009259
2 0.510417 0.404630 0.007292 0.009259
2 0.569271 0.405556 0.007292 0.009259
2 0.646875 0.431481 0.007292 0.009259
2 0.650521 0.453704 0.007292 0.009259
2 0.655208 0.476852 0.007292 0.009259
2 0.665625 0.527778 0.007292 0.009259
2 0.670833 0.556481 0.007292 0.009259
2 0.676042 0.585185 0.007292 0.009259
2 0.586979 0.625000 0.007292 0.009259
2 0.508333 0.624074 0.007292 0.009259
2 0.429167 0.622222 0.007292 0.009259