2 0.371183 0.681793 0.006652 0.006443
2 0.308850 0.600155 0.006390 0.006024
2 0.255436 0.530617 0.005515 0.005043
2 0.169336 0.417745 0.005339 0.004062
2 0.133658 0.371010 0.004815 0.003924
2 0.102022 0.329105 0.004640 0.003924
2 0.175106 0.256371 0.004378 0.003219
2 0.255112 0.238067 0.003676 0.002800
2 0.329902 0.220519 0.003851 0.002943
2 0.471359 0.235967 0.004027 0.003362
2 0.517113 0.266512 0.004464 0.003500
2 0.567577 0.300729 0.004202 0.003362
2 0.685522 0.380321 0.004378 0.003500
2 0.755348 0.427605 0.005339 0.003781
2 0.835155 0.481288 0.005429 0.004481
2 0.840686 0.619329 0.005777 0.005324
2 0.740738 0.670014 0.006476 0.005743
2 0.629814 0.726624 0.006652 0.006581
4 0.555039 0.605748 0.023173 0.039114
4 0.431250 0.489421 0.020833 0.035033
4 0.351106 0.389319 0.018283 0.031971
4 0.667624 0.447586 0.019771 0.032314
4 0.772427 0.502890 0.021045 0.034352
3 0.473746 0.578095 0.021896 0.038095
3 0.489243 0.470783 0.019557 0.032995
3 0.390009 0.433740 0.018708 0.031290
3 0.211012 0.351938 0.017857 0.029590
3 0.251403 0.285000 0.015307 0.026190
3 0.323746 0.294081 0.015943 0.027210
3 0.408823 0.245102 0.014670 0.024490
0 0.316115 0.326190 0.016158 0.028571
1 0.258141 0.271974 0.015092 0.025852