2 0.405226 0.211702 0.005690 0.004357
2 0.506442 0.212033 0.005146 0.004067
2 0.607930 0.212702 0.005146 0.004452
2 0.748466 0.273469 0.005265 0.005033
2 0.758051 0.324567 0.005387 0.005324
2 0.768231 0.379805 0.005509 0.005324
2 0.791091 0.504471 0.005991 0.005133
2 0.804010 0.575617 0.006235 0.005519
2 0.818235 0.653995 0.006113 0.005133
2 0.650705 0.765286 0.006173 0.005810
2 0.503591 0.764333 0.005991 0.005810
2 0.356482 0.763283 0.006417 0.005614
2 0.190496 0.650186 0.005991 0.005133
2 0.205609 0.571993 0.005265 0.004938
2 0.219240 0.500993 0.005146 0.004843
2 0.243376 0.376940 0.005205 0.004357
2 0.254237 0.322276 0.004902 0.004552
2 0.264356 0.270517 0.004902 0.004843
3 0.348757 0.324929 0.018943 0.031762
3 0.456371 0.265469 0.018098 0.030938
3 0.518943 0.296917 0.018839 0.031929
3 0.672912 0.265488 0.017848 0.031929
1 0.478394 0.251957 0.018098 0.031533
0 0.476211 0.328643 0.019089 0.032524
4 0.442741 0.404219 0.021196 0.035105
3 0.427091 0.464119 0.021443 0.034905
3 0.487991 0.524833 0.021815 0.037286
4 0.415260 0.521698 0.022187 0.037681
3 0.368906 0.608583 0.022932 0.039071
4 0.413089 0.657293 0.023798 0.041252
4 0.733793 0.652098 0.024134 0.040386
4 0.692673 0.565169 0.022845 0.038910