3 0.324067 0.699460 0.016586 0.026538
3 0.223964 0.569562 0.016976 0.025790
1 0.199857 0.542802 0.016976 0.027510
3 0.276853 0.488726 0.016801 0.024119
0 0.328780 0.542060 0.016488 0.024119
4 0.442189 0.578752 0.017116 0.025124
3 0.525911 0.592788 0.014917 0.024624
4 0.598923 0.602138 0.015702 0.027133
3 0.601932 0.523990 0.016958 0.025124
3 0.699237 0.644243 0.016330 0.025629
4 0.751713 0.596524 0.017116 0.026381
4 0.743503 0.277952 0.016173 0.026381
4 0.648860 0.309381 0.016173 0.026381
3 0.219952 0.289383 0.017286 0.026386
2 0.248190 0.814498 0.004714 0.007090
2 0.332966 0.815050 0.004622 0.007243
2 0.417646 0.815126 0.004339 0.007395
2 0.586740 0.815300 0.004432 0.006790
2 0.671311 0.815126 0.004527 0.007395
2 0.755976 0.814650 0.004810 0.007395
2 0.864763 0.641367 0.004527 0.008448
2 0.865609 0.505926 0.004432 0.007090
2 0.866062 0.369486 0.004149 0.007543
2 0.757668 0.195026 0.004622 0.008148
2 0.672751 0.194748 0.004432 0.006638
2 0.587476 0.194324 0.004714 0.007695
2 0.417394 0.194950 0.004432 0.007995
2 0.331978 0.194424 0.004432 0.006943
2 0.246702 0.194950 0.004714 0.007995
2 0.137821 0.369538 0.004810 0.008600
2 0.138479 0.505926 0.004339 0.007090
2 0.138997 0.641617 0.005375 0.007995