3 0.717448 0.405556 0.013021 0.020370
0 0.721615 0.416667 0.011979 0.022222
3 0.751823 0.433333 0.014063 0.024074
3 0.708333 0.366204 0.011458 0.021296
4 0.658854 0.400463 0.013542 0.023148
4 0.679948 0.463426 0.014063 0.025000
3 0.670833 0.481019 0.013542 0.025000
1 0.653385 0.536574 0.015104 0.026852
4 0.579688 0.579167 0.015625 0.028704
3 0.558073 0.494444 0.014063 0.024074
4 0.515365 0.485648 0.014063 0.026852
4 0.430729 0.439352 0.013542 0.025000
3 0.352865 0.491204 0.014063 0.025000
2 0.417708 0.611111 0.011458 0.012963
2 0.367708 0.565741 0.011458 0.012963
2 0.322396 0.524074 0.011458 0.012963
2 0.353646 0.438889 0.011458 0.012963
2 0.414583 0.413889 0.011458 0.012963
2 0.472396 0.389815 0.011458 0.012963
2 0.578646 0.345370 0.011458 0.012963
2 0.627604 0.325000 0.011458 0.012963
2 0.673958 0.305556 0.011458 0.012963
2 0.791667 0.312963 0.011458 0.012963
2 0.842187 0.338889 0.011458 0.012963
2 0.896354 0.365741 0.011458 0.012963
2 0.915625 0.436111 0.011458 0.012963
2 0.868229 0.462963 0.011458 0.012963
2 0.817708 0.491667 0.011458 0.012963
2 0.707812 0.553704 0.011458 0.012963
2 0.646354 0.587963 0.011458 0.012963
2 0.580729 0.625000 0.011458 0.012963