3 0.494792 0.575926 0.015625 0.027778
4 0.501302 0.590278 0.015104 0.028704
4 0.519010 0.595833 0.016146 0.028704
3 0.646094 0.559259 0.014063 0.022222
3 0.666927 0.547685 0.014063 0.023148
4 0.707552 0.489352 0.014063 0.025000
4 0.879167 0.428704 0.014583 0.022222
3 0.892188 0.424537 0.013542 0.019444
1 0.786198 0.422685 0.013021 0.023148
0 0.751563 0.387500 0.012500 0.021296
4 0.732031 0.306944 0.011979 0.021296
4 0.696354 0.394444 0.012500 0.024074
3 0.632292 0.393056 0.013542 0.023148
4 0.449740 0.432870 0.013021 0.025000
3 0.325260 0.486574 0.014063 0.025000
3 0.368490 0.518981 0.014063 0.025000
2 0.417187 0.612037 0.011458 0.012963
2 0.367708 0.565741 0.011458 0.012963
2 0.322396 0.524074 0.011458 0.012963
2 0.353646 0.439815 0.011458 0.012963
2 0.414583 0.413889 0.011458 0.012963
2 0.472396 0.389815 0.011458 0.012963
2 0.578646 0.345370 0.011458 0.012963
2 0.627604 0.325000 0.011458 0.012963
2 0.673958 0.305556 0.011458 0.012963
2 0.791146 0.312963 0.011458 0.012963
2 0.841667 0.338889 0.011458 0.012963
2 0.896354 0.365741 0.011458 0.012963
2 0.915104 0.436111 0.011458 0.012963
2 0.868229 0.462963 0.011458 0.012963
2 0.817708 0.491667 0.011458 0.012963
2 0.707292 0.553704 0.011458 0.012963
2 0.646354 0.587963 0.011458 0.012963
2 0.580729 0.625000 0.011458 0.012963