4 0.663802 0.498148 0.015104 0.027778
3 0.703906 0.501389 0.015104 0.026852
4 0.717708 0.498611 0.014583 0.026852
3 0.702865 0.434259 0.013021 0.024074
3 0.724740 0.407870 0.014063 0.023148
0 0.807031 0.415741 0.013021 0.022222
4 0.755208 0.368519 0.012500 0.022222
4 0.697917 0.351852 0.012500 0.022222
3 0.633073 0.369444 0.011979 0.022222
3 0.534375 0.450463 0.013542 0.023148
4 0.560677 0.481481 0.014063 0.025926
4 0.553646 0.611574 0.015625 0.021296
1 0.501042 0.614352 0.015625 0.028704
4 0.455990 0.492593 0.014063 0.025926
3 0.415885 0.460185 0.013021 0.024074
3 0.402865 0.493056 0.014063 0.025000
2 0.417708 0.611111 0.011458 0.012963
2 0.367708 0.564815 0.011458 0.012963
2 0.322396 0.524074 0.011458 0.012963
2 0.353646 0.438889 0.011458 0.012963
2 0.414583 0.412963 0.011458 0.012963
2 0.472396 0.388889 0.011458 0.012963
2 0.578646 0.344444 0.011458 0.012963
2 0.627604 0.325000 0.011458 0.012963
2 0.673958 0.305556 0.011458 0.012963
2 0.791667 0.312963 0.011458 0.012963
2 0.842187 0.337963 0.011458 0.012963
2 0.896354 0.364815 0.011458 0.012963
2 0.915104 0.436111 0.011458 0.012963
2 0.868229 0.462037 0.011458 0.012963
2 0.817708 0.490741 0.011458 0.012963
2 0.707292 0.553704 0.011458 0.012963
2 0.646354 0.587963 0.011458 0.012963
2 0.580729 0.625000 0.011458 0.012963