3 0.770833 0.426389 0.012500 0.023148
3 0.811458 0.392130 0.012500 0.021296
3 0.687500 0.331481 0.011458 0.020370
3 0.684115 0.366204 0.011979 0.021296
3 0.658073 0.379630 0.013021 0.022222
0 0.680469 0.414352 0.013021 0.023148
1 0.601562 0.575000 0.015625 0.027778
4 0.574219 0.556019 0.015104 0.028704
3 0.544271 0.607870 0.015625 0.028704
4 0.491667 0.594444 0.015625 0.025926
4 0.487500 0.614352 0.015625 0.028704
3 0.391146 0.548611 0.014583 0.025000
4 0.452083 0.526389 0.014583 0.026852
2 0.322396 0.525000 0.011458 0.012963
2 0.367188 0.566667 0.011458 0.012963
2 0.417187 0.612037 0.011458 0.012963
2 0.580729 0.625926 0.011458 0.012963
2 0.646354 0.589815 0.011458 0.012963
2 0.707812 0.555556 0.011458 0.012963
2 0.817708 0.492593 0.011458 0.012963
2 0.868229 0.463889 0.011458 0.012963
2 0.915104 0.437963 0.011458 0.012963
2 0.895833 0.366667 0.011458 0.012963
2 0.841667 0.339815 0.011458 0.012963
2 0.791146 0.313889 0.011458 0.012963
2 0.673438 0.306481 0.011458 0.012963
2 0.627083 0.325926 0.011458 0.012963
2 0.578646 0.346296 0.011458 0.012963
2 0.471875 0.390741 0.011458 0.012963
2 0.414583 0.414815 0.011458 0.012963
2 0.353125 0.439815 0.011458 0.012963