3 0.247396 0.377315 0.015625 0.026852
3 0.354167 0.350463 0.014583 0.026852
4 0.366927 0.355556 0.015104 0.027778
3 0.513281 0.380556 0.015104 0.027778
4 0.602344 0.435185 0.017188 0.029630
0 0.606250 0.473148 0.017708 0.031481
4 0.660677 0.572685 0.020313 0.036111
4 0.649219 0.673611 0.022396 0.041667
3 0.576302 0.734259 0.024479 0.044444
4 0.399219 0.578704 0.020313 0.037037
4 0.483594 0.701852 0.023438 0.040741
4 0.453906 0.563889 0.020313 0.035185
3 0.388281 0.595370 0.021354 0.037037
3 0.360938 0.524537 0.018750 0.034259
3 0.383073 0.494907 0.018229 0.032407
1 0.340365 0.458333 0.017188 0.031481
2 0.378125 0.723148 0.011458 0.012963
2 0.322396 0.643519 0.011458 0.012963
2 0.275000 0.576852 0.011458 0.012963
2 0.200000 0.471296 0.011458 0.012963
2 0.169271 0.427778 0.011458 0.012963
2 0.142708 0.388889 0.011458 0.012963
2 0.213542 0.324074 0.011458 0.012963
2 0.287500 0.308333 0.011458 0.012963
2 0.356250 0.293519 0.011458 0.012963
2 0.485938 0.308333 0.011458 0.012963
2 0.527083 0.336111 0.011458 0.012963
2 0.573438 0.367593 0.011458 0.012963
2 0.681771 0.441667 0.011458 0.012963
2 0.746875 0.487037 0.011458 0.012963
2 0.821875 0.537963 0.011458 0.012963
2 0.827083 0.669444 0.011458 0.012963
2 0.731250 0.716667 0.011458 0.012963
2 0.623958 0.769444 0.011458 0.012963