4 0.571615 0.655093 0.020313 0.034259
3 0.565365 0.671759 0.021354 0.036111
4 0.570312 0.706481 0.022917 0.024074
3 0.652344 0.692130 0.021354 0.036111
4 0.607812 0.634259 0.019792 0.035185
1 0.551042 0.514352 0.015625 0.026852
0 0.531510 0.518519 0.015104 0.025926
4 0.458854 0.527315 0.015625 0.026852
3 0.500260 0.644444 0.020313 0.035185
4 0.520052 0.665741 0.020313 0.037037
4 0.490885 0.703704 0.021354 0.027778
3 0.428646 0.697685 0.022917 0.037963
4 0.394010 0.700000 0.022396 0.037037
3 0.379167 0.663426 0.019792 0.036111
2 0.282813 0.681481 0.007292 0.009259
2 0.294792 0.647222 0.007292 0.009259
2 0.305208 0.617593 0.007292 0.009259
2 0.323437 0.564815 0.007292 0.009259
2 0.331250 0.542593 0.007292 0.009259
2 0.338542 0.521296 0.007292 0.009259
2 0.426563 0.497222 0.007292 0.009259
2 0.491667 0.497222 0.007292 0.009259
2 0.557292 0.495370 0.007292 0.009259
2 0.646354 0.517593 0.007292 0.009259
2 0.653125 0.537963 0.007292 0.009259
2 0.660937 0.560185 0.007292 0.009259
2 0.679167 0.611111 0.007292 0.009259
2 0.690625 0.641667 0.007292 0.009259
2 0.702604 0.675000 0.007292 0.009259
2 0.595833 0.723148 0.007292 0.009259
2 0.493750 0.725000 0.007292 0.009259
2 0.392188 0.725926 0.007292 0.009259