4 0.510938 0.504630 0.008333 0.014815
4 0.584635 0.548611 0.009896 0.017593
3 0.571615 0.523611 0.008854 0.015741
0 0.564323 0.559722 0.009896 0.017593
4 0.536458 0.590278 0.010417 0.019444
4 0.481771 0.611574 0.011458 0.019444
4 0.494271 0.551852 0.010417 0.016667
1 0.440885 0.564352 0.009896 0.017593
4 0.378125 0.614815 0.011458 0.012963
4 0.408594 0.564352 0.009896 0.017593
2 0.352083 0.596296 0.007292 0.009259
2 0.359896 0.575926 0.007292 0.009259
2 0.378646 0.525000 0.007292 0.009259
2 0.384375 0.511111 0.007292 0.009259
2 0.389062 0.498148 0.007292 0.009259
2 0.450000 0.483333 0.007292 0.009259
2 0.493750 0.482407 0.007292 0.009259
2 0.563021 0.482407 0.007292 0.009259
2 0.597396 0.496296 0.007292 0.009259
2 0.601562 0.509259 0.007292 0.009259
2 0.606771 0.523148 0.007292 0.009259
2 0.617708 0.555556 0.007292 0.009259
2 0.623958 0.574074 0.007292 0.009259
2 0.631250 0.593519 0.007292 0.009259
2 0.557292 0.625000 0.007292 0.009259
2 0.491146 0.625926 0.007292 0.009259
2 0.425000 0.625926 0.007292 0.009259