4 0.599740 0.375926 0.017188 0.029630
4 0.606510 0.429167 0.018229 0.032407
1 0.484896 0.440278 0.017708 0.034259
2 0.380208 0.499074 0.007292 0.009259
2 0.355729 0.452778 0.007292 0.009259
2 0.335938 0.414815 0.007292 0.009259
2 0.303646 0.350000 0.007292 0.009259
2 0.290625 0.324074 0.007292 0.009259
2 0.279167 0.300000 0.007292 0.009259
2 0.329167 0.260185 0.007292 0.009259
2 0.377604 0.251852 0.007292 0.009259
2 0.425000 0.241667 0.007292 0.009259
2 0.505729 0.250000 0.007292 0.009259
2 0.528646 0.270370 0.007292 0.009259
2 0.553646 0.290741 0.007292 0.009259
2 0.613542 0.339815 0.007292 0.009259
2 0.648958 0.370370 0.007292 0.009259
2 0.688021 0.403704 0.007292 0.009259
2 0.667708 0.479630 0.007292 0.009259
2 0.596875 0.502778 0.007292 0.009259
2 0.520312 0.530556 0.007292 0.009259