4 0.543707 0.810283 0.026104 0.044376
3 0.614260 0.644981 0.022568 0.035676
3 0.449109 0.640655 0.022027 0.036548
4 0.416726 0.651648 0.023929 0.035676
3 0.465350 0.571652 0.019985 0.030924
3 0.528975 0.550067 0.018068 0.028705
0 0.539019 0.543876 0.016134 0.028705
3 0.450586 0.481519 0.016649 0.026848
3 0.441182 0.471064 0.015101 0.024986
4 0.413632 0.473176 0.015360 0.025400
1 0.352723 0.452764 0.014970 0.024576
4 0.329704 0.449636 0.015360 0.024986
3 0.304302 0.479510 0.015747 0.026638
4 0.233543 0.509200 0.017682 0.026019
4 0.271804 0.580560 0.020393 0.031595
4 0.297478 0.592400 0.019360 0.032419
2 0.671875 0.832698 0.006845 0.007300
2 0.776637 0.783329 0.006845 0.006657
2 0.868802 0.739626 0.007247 0.006871
2 0.847747 0.625824 0.006208 0.005933
2 0.765982 0.584074 0.006369 0.005290
2 0.694165 0.546955 0.004997 0.004386
2 0.575246 0.484693 0.004658 0.003671
2 0.524615 0.458560 0.004586 0.003786
2 0.479150 0.434921 0.004729 0.004129
2 0.343329 0.424233 0.004515 0.002752
2 0.272839 0.437795 0.004012 0.003210
2 0.197043 0.452252 0.004801 0.003552
2 0.128509 0.509607 0.005232 0.004929
2 0.160734 0.542883 0.004801 0.004814
2 0.197366 0.580693 0.005446 0.004243
2 0.286629 0.672029 0.006592 0.005962
2 0.343403 0.729993 0.006449 0.006652
2 0.410454 0.798660 0.007812 0.007795