4 0.683073 0.261574 0.024479 0.041667
4 0.450521 0.233333 0.023958 0.040741
3 0.358854 0.253241 0.022917 0.043519
3 0.344531 0.262500 0.023438 0.041667
0 0.450521 0.373611 0.027083 0.049074
4 0.341146 0.553704 0.031250 0.062963
3 0.372656 0.542593 0.033854 0.057407
4 0.361198 0.568056 0.034896 0.062037
1 0.433854 0.543981 0.034375 0.060185
2 0.158854 0.558333 0.011458 0.012963
2 0.186458 0.485185 0.011458 0.012963
2 0.209896 0.423148 0.011458 0.012963
2 0.246875 0.320370 0.011458 0.012963
2 0.261979 0.276852 0.011458 0.012963
2 0.276042 0.238889 0.011458 0.012963
2 0.414062 0.197222 0.011458 0.012963
2 0.512500 0.196296 0.011458 0.012963
2 0.611458 0.196296 0.011458 0.012963
2 0.747396 0.238889 0.011458 0.012963
2 0.759896 0.277778 0.011458 0.012963
2 0.773958 0.320370 0.011458 0.012963
2 0.808333 0.424074 0.011458 0.012963
2 0.829167 0.487037 0.011458 0.012963
2 0.853125 0.560185 0.011458 0.012963
2 0.674479 0.666667 0.011458 0.012963
2 0.502604 0.665741 0.011458 0.012963
2 0.330729 0.663889 0.011458 0.012963