4 0.766667 0.530093 0.034375 0.060185
0 0.555208 0.491204 0.032292 0.056481
1 0.479687 0.334722 0.027083 0.047222
4 0.352344 0.257870 0.024479 0.043519
3 0.210417 0.585648 0.036458 0.062037
2 0.148438 0.557407 0.011458 0.012963
2 0.176563 0.484259 0.011458 0.012963
2 0.199479 0.422222 0.011458 0.012963
2 0.236458 0.318519 0.011458 0.012963
2 0.252083 0.275000 0.011458 0.012963
2 0.266146 0.236111 0.011458 0.012963
2 0.403646 0.195370 0.011458 0.012963
2 0.502604 0.195370 0.011458 0.012963
2 0.601562 0.195370 0.011458 0.012963
2 0.736979 0.237963 0.011458 0.012963
2 0.750000 0.275926 0.011458 0.012963
2 0.763542 0.318519 0.011458 0.012963
2 0.818229 0.485185 0.011458 0.012963
2 0.842708 0.557407 0.011458 0.012963
2 0.664583 0.663889 0.011458 0.012963
2 0.493229 0.663889 0.011458 0.012963
2 0.320833 0.662963 0.011458 0.012963