4 0.742448 0.725463 0.019271 0.026852
3 0.656771 0.632870 0.016667 0.028704
4 0.605990 0.675926 0.017188 0.031481
0 0.589323 0.641667 0.016146 0.029630
3 0.587240 0.568519 0.014063 0.025926
4 0.563021 0.580556 0.014583 0.024074
3 0.563802 0.603704 0.015104 0.027778
4 0.541667 0.598148 0.015625 0.027778
3 0.395313 0.676389 0.017708 0.032407
3 0.362240 0.720370 0.019271 0.033333
3 0.521354 0.503704 0.012500 0.022222
3 0.428385 0.451389 0.010937 0.019444
4 0.426823 0.542130 0.014063 0.025000
1 0.222135 0.496296 0.013021 0.022222
2 0.359375 0.785185 0.011458 0.012963
2 0.320833 0.719444 0.011458 0.012963
2 0.288021 0.663889 0.011458 0.012963
2 0.237500 0.577778 0.011458 0.012963
2 0.217188 0.542593 0.011458 0.012963
2 0.199479 0.512037 0.011458 0.012963
2 0.265104 0.462963 0.011458 0.012963
2 0.327604 0.451852 0.011458 0.012963
2 0.386458 0.441667 0.011458 0.012963
2 0.492708 0.454630 0.011458 0.012963
2 0.525000 0.477778 0.011458 0.012963
2 0.560937 0.502778 0.011458 0.012963
2 0.646875 0.564815 0.011458 0.012963
2 0.698958 0.601852 0.011458 0.012963
2 0.760417 0.646296 0.011458 0.012963
2 0.753125 0.753704 0.011458 0.012963
2 0.664583 0.790741 0.011458 0.012963
2 0.565625 0.831481 0.011458 0.012963