4 0.754687 0.772222 0.019792 0.027778
4 0.618750 0.712500 0.017708 0.032407
0 0.606510 0.675463 0.017188 0.030556
4 0.586719 0.611111 0.015104 0.027778
4 0.452865 0.562963 0.014063 0.025926
1 0.390625 0.642593 0.016667 0.029630
3 0.404687 0.701852 0.017708 0.031481
4 0.380469 0.676852 0.017188 0.031481
3 0.365885 0.746296 0.019271 0.035185
2 0.354167 0.812963 0.007292 0.012963
2 0.323437 0.742593 0.007292 0.012963
2 0.298438 0.684259 0.007292 0.012963
2 0.259375 0.593519 0.007292 0.012963
2 0.243229 0.556481 0.007292 0.012963
2 0.229167 0.524074 0.007292 0.012963
2 0.300000 0.475000 0.007292 0.012963
2 0.363542 0.464815 0.007292 0.012963
2 0.423958 0.455556 0.007292 0.012963
2 0.530729 0.473148 0.007292 0.012963
2 0.560937 0.498148 0.007292 0.012963
2 0.594792 0.526852 0.007292 0.012963
2 0.675521 0.596296 0.007292 0.012963
2 0.725521 0.638889 0.007292 0.012963
2 0.783854 0.687963 0.007292 0.012963
2 0.760417 0.803704 0.007292 0.012963
2 0.662500 0.837037 0.007292 0.012963
2 0.555208 0.873148 0.007292 0.012963