3 0.334375 0.432870 0.008333 0.010185
3 0.383854 0.438889 0.008333 0.014815
4 0.396875 0.437037 0.008333 0.014815
4 0.411719 0.434259 0.006771 0.014815
4 0.406250 0.435648 0.008333 0.015741
3 0.427344 0.433796 0.007812 0.015741
0 0.437500 0.443981 0.007292 0.015741
3 0.432031 0.445833 0.008854 0.015741
4 0.485417 0.499074 0.010417 0.016667
3 0.502604 0.506019 0.010417 0.017593
4 0.529948 0.479167 0.009896 0.017593
3 0.534635 0.458333 0.008854 0.016667
1 0.546875 0.456944 0.009375 0.015741
4 0.622135 0.481944 0.009896 0.012037
2 0.353125 0.423148 0.007292 0.009259
2 0.382812 0.416667 0.007292 0.009259
2 0.411458 0.410185 0.007292 0.009259
2 0.469271 0.411111 0.007292 0.009259
2 0.490625 0.419444 0.007292 0.009259
2 0.513542 0.426852 0.007292 0.009259
2 0.564063 0.444444 0.007292 0.009259
2 0.591667 0.452778 0.007292 0.009259
2 0.621354 0.462963 0.007292 0.009259
2 0.624479 0.488889 0.007292 0.009259
2 0.593750 0.499074 0.007292 0.009259
2 0.560417 0.510185 0.007292 0.009259
2 0.478646 0.508333 0.007292 0.009259
2 0.450000 0.495370 0.007292 0.009259
2 0.424479 0.482407 0.007292 0.009259
2 0.377083 0.461111 0.007292 0.009259
2 0.356250 0.451852 0.007292 0.009259
2 0.335938 0.442593 0.007292 0.009259