3 0.744792 0.493981 0.032292 0.058333
4 0.767188 0.519444 0.033333 0.059259
0 0.766406 0.589815 0.035937 0.062963
4 0.577083 0.272685 0.025000 0.043519
4 0.408854 0.289352 0.025000 0.047222
1 0.291927 0.528241 0.033854 0.062037
2 0.149479 0.557407 0.011458 0.012963
2 0.176042 0.484259 0.011458 0.012963
2 0.199479 0.422222 0.011458 0.012963
2 0.236979 0.319444 0.011458 0.012963
2 0.252604 0.275926 0.011458 0.012963
2 0.266146 0.237037 0.011458 0.012963
2 0.404167 0.195370 0.011458 0.012963
2 0.502604 0.195370 0.011458 0.012963
2 0.602083 0.195370 0.011458 0.012963
2 0.737500 0.237963 0.011458 0.012963
2 0.750000 0.275926 0.011458 0.012963
2 0.763542 0.318519 0.011458 0.012963
2 0.797917 0.422222 0.011458 0.012963
2 0.818750 0.485185 0.011458 0.012963
2 0.843229 0.557407 0.011458 0.012963
2 0.664583 0.663889 0.011458 0.012963
2 0.492708 0.663889 0.011458 0.012963
2 0.321354 0.662037 0.011458 0.012963