4 0.701823 0.331944 0.014063 0.025000
1 0.390365 0.696296 0.014063 0.024074
3 0.377083 0.678704 0.014583 0.024074
4 0.326302 0.700463 0.014063 0.023148
0 0.314844 0.685648 0.014063 0.025000
2 0.251563 0.606481 0.007292 0.012963
2 0.251563 0.500000 0.007292 0.012963
2 0.252083 0.393519 0.007292 0.012963
2 0.324479 0.262037 0.007292 0.012963
2 0.384375 0.261111 0.007292 0.012963
2 0.444271 0.260185 0.007292 0.012963
2 0.565104 0.259259 0.007292 0.012963
2 0.625521 0.260185 0.007292 0.012963
2 0.684896 0.261111 0.007292 0.012963
2 0.758333 0.393519 0.007292 0.012963
2 0.758854 0.500000 0.007292 0.012963
2 0.758854 0.606481 0.007292 0.012963
2 0.685937 0.739815 0.007292 0.012963
2 0.626042 0.740741 0.007292 0.012963
2 0.565625 0.741667 0.007292 0.012963
2 0.444271 0.742593 0.007292 0.012963
2 0.383854 0.741667 0.007292 0.012963
2 0.323958 0.740741 0.007292 0.012963