3 0.639323 0.431944 0.007812 0.013889
1 0.621354 0.460648 0.009375 0.015741
3 0.598958 0.431481 0.008333 0.014815
3 0.558594 0.426389 0.007812 0.013889
0 0.498177 0.498148 0.009896 0.012963
3 0.498177 0.509259 0.009896 0.018519
3 0.463021 0.495370 0.010417 0.018519
2 0.399479 0.475000 0.007292 0.009259
2 0.427604 0.463889 0.007292 0.009259
2 0.453646 0.454630 0.007292 0.009259
2 0.501042 0.436111 0.007292 0.009259
2 0.522917 0.428704 0.007292 0.009259
2 0.543229 0.421296 0.007292 0.009259
2 0.599479 0.416667 0.007292 0.009259
2 0.627604 0.421296 0.007292 0.009259
2 0.657292 0.425000 0.007292 0.009259
2 0.675000 0.440741 0.007292 0.009259
2 0.657292 0.450926 0.007292 0.009259
2 0.638542 0.461111 0.007292 0.009259
2 0.595313 0.482407 0.007292 0.009259
2 0.571354 0.495370 0.007292 0.009259
2 0.544271 0.508333 0.007292 0.009259
2 0.463021 0.515741 0.007292 0.009259
2 0.429167 0.506481 0.007292 0.009259
2 0.397396 0.497222 0.007292 0.009259