3 0.575000 0.484259 0.009375 0.018519
3 0.545052 0.476389 0.009896 0.017593
0 0.512760 0.460185 0.008854 0.016667
1 0.369010 0.435648 0.008854 0.015741
4 0.350781 0.440741 0.007812 0.009259
4 0.345573 0.437963 0.005729 0.009259
3 0.355990 0.440741 0.006771 0.012963
2 0.479167 0.508333 0.007292 0.009259
2 0.450521 0.495370 0.007292 0.009259
2 0.424479 0.482407 0.007292 0.009259
2 0.377083 0.461111 0.007292 0.009259
2 0.355729 0.451852 0.007292 0.009259
2 0.336458 0.442593 0.007292 0.009259
2 0.352604 0.423148 0.007292 0.009259
2 0.411458 0.410185 0.007292 0.009259
2 0.469792 0.410185 0.007292 0.009259
2 0.491146 0.418519 0.007292 0.009259
2 0.513542 0.425926 0.007292 0.009259
2 0.564583 0.443519 0.007292 0.009259
2 0.591667 0.452778 0.007292 0.009259
2 0.621354 0.462037 0.007292 0.009259
2 0.624479 0.487963 0.007292 0.009259
2 0.593750 0.499074 0.007292 0.009259
2 0.559896 0.510185 0.007292 0.009259