2 0.548683 0.404112 0.004509 0.003462
2 0.498756 0.374588 0.004060 0.003462
2 0.453725 0.348181 0.003878 0.003029
2 0.311121 0.335583 0.003789 0.002595
2 0.234424 0.349755 0.003967 0.003319
2 0.152670 0.365874 0.004149 0.003176
2 0.072719 0.427995 0.004961 0.003610
2 0.102481 0.464805 0.004961 0.003895
2 0.135859 0.506233 0.005051 0.003895
2 0.217722 0.607690 0.005682 0.004905
2 0.269687 0.671169 0.006042 0.005195
2 0.330673 0.746840 0.006583 0.006062
2 0.602696 0.789581 0.006583 0.006781
2 0.721519 0.736767 0.006134 0.005914
2 0.826759 0.689624 0.006494 0.005914
2 0.821086 0.564140 0.005863 0.004471
2 0.738879 0.515614 0.005140 0.003610
2 0.667613 0.473895 0.004869 0.003029
0 0.520374 0.461457 0.018128 0.029581
1 0.415629 0.578845 0.021735 0.035786
3 0.394246 0.574488 0.021824 0.035643
3 0.423850 0.501731 0.018533 0.032033
3 0.501894 0.479655 0.018670 0.030738
3 0.568222 0.581083 0.020967 0.035500
3 0.417275 0.399026 0.016098 0.026624
3 0.409173 0.387750 0.015964 0.025976
3 0.262811 0.395845 0.016098 0.025976
4 0.358577 0.587121 0.021917 0.036148
4 0.379573 0.390131 0.015693 0.025976
4 0.294021 0.363181 0.015423 0.024457
4 0.184348 0.428031 0.016911 0.027490